Date,Revenue,COGS,Gross_Profit,Margin,Revenue_rolling_7d,Revenue_rolling_30d,COGS_rolling_30d,Gross_Profit_rolling_30d
2012-07-04,5123547.94,3982991.19,1140556.7500000005,0.22261073056339947,5123547.94,5123547.94,3982991.19,1140556.7500000005
2012-07-05,2751773.45,2150580.23,601193.2200000002,0.21847482393581497,3937660.6950000003,3937660.6950000003,3066785.71,870874.9850000003
2012-07-06,3054029.42,2517632.84,536396.5800000001,0.17563569508770485,3643116.936666667,3643116.936666667,2883734.7533333334,759382.1833333336
2012-07-07,2667930.94,2108246.62,559684.3199999998,0.2097821617526576,3399320.4375,3399320.4375,2689862.7199999997,709457.7175000001
2012-07-08,2360851.9,1808622.79,552229.1099999999,0.23391094968727175,3191626.73,3191626.73,2513614.734,678011.996
2012-07-09,3548386.46,2787841.68,760544.7799999998,0.21433538555436824,3251086.685,3251086.685,2559319.225,691767.4600000001
2012-07-10,5234938.62,4044438.84,1190499.7800000003,0.22741427673129055,3534494.104285714,3534494.104285714,2771479.1700000004,763014.9342857144
2012-07-11,5582884.78,4338313.07,1244571.71,0.2229262754012989,3600113.652857143,3790542.93875,2967333.4074999997,823209.53125
2012-07-12,5734632.02,4458811.27,1275820.75,0.2224764807141017,4026236.305714286,4006552.836666667,3133053.17,873499.6666666666
2012-07-13,5309511.71,4143402.78,1166108.9300000002,0.2196263976221648,4348448.061428571,4136848.7240000004,3234088.131,902760.593
2012-07-14,3820831.41,3075464.87,745366.54,0.19507967246322444,4513148.128571428,4108119.877272727,3219667.8345454545,888452.0427272728
2012-07-15,3948841.28,3154482.05,794359.23,0.20116261294756319,4740003.754285715,4094846.660833333,3214235.685833333,880610.9750000001
2012-07-16,3503801.49,2708219.59,795581.9000000004,0.22706249262996928,4733634.472857143,4049381.647692308,3175311.3707692306,874070.2769230771
2012-07-17,4476729.49,3463061.65,1013667.8400000003,0.22643044263994613,4625318.882857143,4079906.493571428,3195864.9621428573,884041.5314285716
2012-07-18,5184141.46,4072012.16,1112129.2999999998,0.2145252610448635,4568355.551428571,4153522.158,3254274.775333333,899247.3826666668
2012-07-19,6421487.11,5007270.91,1414216.2000000002,0.22023188332772345,4666477.707142857,4295269.9675,3363837.03375,931432.9337500001
2012-07-20,5171470.46,4213989.64,957480.8200000003,0.1851467251734046,4646757.528571429,4346811.172941176,3413846.010588235,932965.1623529412
2012-07-21,3442157.02,2746075.45,696081.5699999998,0.20222249187226207,4592661.187142857,4296552.608888889,3376747.6461111107,919804.9627777779
2012-07-22,3117550.57,2531656.38,585894.19,0.1879341415141824,4473905.371428572,4234499.87,3332269.1584210526,902230.7115789475
2012-07-23,4730517.69,3685006.66,1045511.0300000003,0.22101408313304505,4649150.542857142,4259300.761,3349906.0335,909394.7275
2012-07-24,4096496.12,3248450.65,848045.4700000002,0.20701727651093202,4594831.49,4251548.159047619,3345074.8247619043,906473.3342857144
2012-07-25,5246688.08,4140019.37,1106668.71,0.21092710165457368,4603766.721428571,4296781.791818182,3381208.6677272725,915573.1240909091
2012-07-26,5851965.06,4579171.74,1272793.3199999994,0.21749844829046186,4522406.428571428,4364398.455652175,3433294.0186956525,931104.4369565218
2012-07-27,5156699.45,3989402.2,1167297.25,0.2263651898502636,4520296.284285714,4397410.997083333,3456465.1929166666,940945.8041666667
2012-07-28,4326956.84,3403662.59,923294.25,0.2133818949763317,4646696.258571428,4394592.8308,3454353.0888,940239.7420000001
2012-07-29,4804199.65,3819645.91,984553.7400000002,0.20493605839216114,4887646.127142857,4410346.939230769,3468402.8126923074,941944.1265384617
2012-07-30,6586130.95,5195109.56,1391021.3900000006,0.21120463600864184,5152733.735714287,4490931.532222223,3532354.9144444442,958576.617777778
2012-07-31,9151622.14,7142891.18,2008730.960000001,0.21949452559019234,5874894.595714286,4657384.768214286,3661302.638214286,996082.1300000001
2012-08-01,9148357.3,7308514.33,1839842.9700000007,0.20111184004586272,6432275.912857143,4812245.89,3787068.55862069,1025177.3313793105
2012-08-02,9692427.0,7537501.15,2154925.8499999996,0.22233088265715076,6980913.332857142,4974918.593666667,3912082.978333333,1062835.6153333334
2012-08-03,9297269.95,7118808.46,2178461.4899999993,0.23431195412369407,7572423.404285714,5114042.660666666,4016610.220666667,1097432.4400000002
2012-08-04,6384195.03,5087528.11,1296666.92,0.2031057813720957,7866314.574285715,5235123.38,4114508.4833333334,1120614.896666667
2012-08-05,2359224.19,1863413.11,495811.07999999984,0.21015852673162014,7517032.365714286,5211963.205666666,4092701.159,1119262.0466666666
2012-08-06,3630003.7,2922718.71,707284.9900000002,0.1948441512607825,7094728.472857143,5244032.297666667,4119850.2286666664,1124182.069
2012-08-07,2240253.44,1781265.84,458987.59999999986,0.20488199763683876,6107390.087142857,5240012.349,4118938.330333333,1121074.0186666667
2012-08-08,2617553.36,1997006.42,620546.94,0.23707136193777534,5174418.095714286,5208984.578999999,4092577.1550000003,1116407.4239999999
2012-08-09,4478691.52,3621672.71,857018.8099999996,0.19135473076743623,4429598.741428571,5183776.342333334,4078484.9506666665,1105291.3916666668
2012-08-10,3412496.65,2699279.56,713217.0899999999,0.209001550228628,3588916.8414285714,5111430.071333334,4023850.500333333,1087579.571
2012-08-11,2732604.35,2168668.05,563936.3000000003,0.20637319852030545,3067261.0300000003,5011362.482333333,3947512.3929999997,1063850.0893333335
2012-08-12,3388181.83,2654275.25,733906.5800000001,0.21660779049747753,3214254.978571429,4947318.153,3897874.8086666665,1049443.3443333334
2012-08-13,3928170.01,3189564.96,738605.0499999998,0.18802777072268312,3256850.1657142853,4950896.106333333,3901678.1450000005,1049217.9613333333
2012-08-14,4033912.16,3258198.58,775713.5800000001,0.19229808415064745,3513087.125714286,4953731.8023333335,3905135.3626666665,1048596.4396666668
2012-08-15,3780293.26,2886923.59,893369.6699999999,0.23632284813797752,3679192.825714286,4962948.194666667,3911092.162666667,1051856.0320000001
2012-08-16,5249978.18,4222455.97,1027522.21,0.19571932963729005,3789376.634285714,4988723.151,3936405.3066666666,1052317.8443333334
2012-08-17,4089284.05,3238908.92,850375.1299999999,0.2079520814896681,3886060.5485714287,4952227.904,3908635.198666667,1043592.7053333333
2012-08-18,3450015.71,2808916.94,641098.77,0.18582488425828067,3988547.885714286,4853178.857333333,3835356.7330000005,1017822.1243333333
2012-08-19,3904300.93,3006801.4,897499.5300000003,0.22987457834096825,4062279.185714286,4810939.873,3795117.125,1015822.748
2012-08-20,3541027.32,2827038.81,713988.5099999998,0.2016331548664809,4006973.0871428573,4814235.549666666,3797815.9036666667,1016419.646
2012-08-21,4147483.23,3364364.64,783118.5899999999,0.1888177833572578,4023197.5257142857,4848566.638333334,3825572.8456666665,1022993.7926666666
2012-08-22,4597682.81,3562468.33,1035214.4799999995,0.2251600475240265,4139967.461428571,4844138.809,3821488.2346666665,1022650.5743333333
2012-08-23,5478869.55,4195738.04,1283131.5099999998,0.23419639732068448,4172666.2285714285,4890217.923333333,3853064.481,1037153.4423333332
2012-08-24,4637850.57,3632210.67,1005639.9000000004,0.2168331827042889,4251032.874285714,4869923.339666667,3836137.5243333336,1033785.8153333333
2012-08-25,3589566.28,2784342.75,805223.5299999998,0.2243233491707527,4270968.67,4794510.047,3776309.8913333337,1018200.1556666667
2012-08-26,4280204.53,3476942.48,803262.0500000003,0.1876690808511434,4324669.184285714,4765293.549666666,3759227.900666667,1006065.649
2012-08-27,3038895.84,2365260.68,673635.1599999997,0.22167102640806527,4252936.115714285,4722358.182999999,3724614.503666667,997743.6793333333
2012-08-28,9508676.62,7439851.59,2068825.0299999993,0.21757234078699791,5018820.885714286,4879174.082,3845288.0263333335,1033886.0556666666
2012-08-29,9260558.32,7336294.54,1924263.7800000003,0.20779133541486083,5684945.9585714275,4968321.660999999,3916660.8589999997,1051660.802
2012-08-30,10086534.1,7950911.72,2135622.38,0.2117300510588667,6343183.7514285715,4999485.393000001,3943594.877,1055890.5159999998
2012-08-31,9104678.52,7277460.12,1827218.3999999994,0.2006900513825061,6981302.03,4998029.433666666,3942559.7366666663,1055469.697
2012-09-01,8560208.92,6738335.17,1821873.75,0.2128305240008091,7691393.835714285,4960288.831,3915920.870666667,1044367.9603333331
2012-09-02,2587099.44,1946097.28,641002.1599999999,0.24776865940645865,7449521.68,4736616.480666667,3743497.1646666666,993119.3159999999
2012-09-03,3865505.01,3063431.08,802073.9299999997,0.20749525040713884,7567608.704285714,4652660.1466666665,3676027.2636666666,976632.8829999999
2012-09-04,3645749.44,2876968.79,768780.6499999999,0.21087040199888227,6730047.678571428,4695544.321666667,3709812.453,985731.8686666664
2012-09-05,2398185.51,1966376.48,431809.0299999998,0.18005655867714748,5749708.705714285,4654483.715333332,3677934.378666667,976549.3366666666
2012-09-06,2858227.37,2147909.96,710317.4100000001,0.2485167616318782,4717093.458571428,4675082.846333333,3690155.8493333333,984926.9969999999
2012-09-07,3282753.8,2580035.06,702718.7399999998,0.21406379607267526,3885389.927142857,4697256.1943333335,3709590.1373333335,987666.0569999999
2012-09-08,3666204.89,2804001.32,862203.5700000003,0.23517604603926004,3186246.4942857143,4670173.306666667,3682334.4243333335,987838.8823333331
2012-09-09,4458501.42,3589475.8,869025.6200000001,0.1949142857960557,3453589.634285714,4705040.132333334,3712007.632333333,993032.4999999999
2012-09-10,4548962.79,3517300.88,1031661.9100000001,0.2267905801005684,3551226.46,4765585.4136666665,3756962.0600000005,1008623.3536666665
2012-09-11,4021565.55,3264364.41,757201.1399999997,0.18828516670578693,3604914.4757142854,4786698.204333333,3777298.3653333336,1009399.8389999999
2012-09-12,3335978.29,2673690.65,662287.6400000001,0.19852876200822042,3738884.8728571427,4766958.480333333,3760102.555,1006855.9253333333
2012-09-13,2609609.29,2103806.97,505802.31999999983,0.19382300712149894,3703368.0042857146,4719481.717999999,3721622.834666667,997858.8833333333
2012-09-14,3729228.43,2835412.27,893816.1600000001,0.2396785760855095,3767150.0942857144,4717779.557,3719905.790666667,997873.7663333333
2012-09-15,3605125.64,2849539.9,755585.7400000002,0.20958652081817603,3758424.4871428567,4662951.1389999995,3674141.9216666664,988809.2173333332
2012-09-16,4452012.44,3561492.95,890519.4900000002,0.20002628069925163,3757497.4899999998,4675042.085333333,3684894.7226666664,990147.3626666666
2012-09-17,4811788.67,3932069.23,879719.44,0.18282586795317426,3795044.0442857146,4720434.517333333,3722333.132333333,998101.3849999999
2012-09-18,5078878.07,4123200.89,955677.1800000002,0.18816698625726214,3946088.6900000004,4759587.088666666,3759546.4486666666,1000040.6399999999
2012-09-19,3680241.62,3014323.76,665917.8600000003,0.1809440598631131,3995269.1657142863,4764227.565333334,3765789.2803333336,998438.285
2012-09-20,3763143.75,3080273.62,682870.1299999999,0.18146267465865473,4160059.8028571433,4751416.249333333,3756319.5796666667,995096.6696666667
2012-09-21,3943768.14,2978697.93,965070.21,0.24470764399450723,4190708.3328571427,4729619.093666667,3736860.5663333335,992758.5273333334
2012-09-22,3872374.03,3011266.74,861107.2899999996,0.2223719308436741,4228886.6742857145,4676069.243000001,3697378.1896666666,978691.0533333333
2012-09-23,4118299.54,3294951.2,823348.3399999999,0.19992434547390883,4181213.402857143,4658750.875333333,3686136.2073333333,972614.668
2012-09-24,5733263.53,4585762.62,1147500.9100000001,0.20014794435936212,4312852.668571428,4730207.450333334,3746183.5363333332,984023.914
2012-09-25,5639897.53,4502395.62,1137501.9100000001,0.201688400179143,4392998.305714286,4775530.550333334,3780365.3076666663,995165.2426666666
2012-09-26,4592282.59,3670417.04,921865.5499999998,0.20074233933413052,4523289.872857143,4827310.108666668,3823870.5196666666,1003439.589
2012-09-27,7556892.66,6017108.13,1539784.5300000003,0.20375895216169448,5065254.002857142,4762250.643333334,3776445.7376666665,985804.9056666666
2012-09-28,4892631.14,3884590.92,1008040.2199999997,0.20603233539489751,5200805.86,4616653.070666667,3661388.9503333336,955264.1203333333
2012-09-29,5304374.46,4170120.63,1134253.83,0.21383366475224302,5405377.350000001,4457247.749333333,3535362.5806666664,921885.1686666666
2012-09-30,4694379.86,3812737.52,881642.3400000003,0.18780805267002834,5487674.538571429,4310237.794000001,3419871.8273333334,890365.9666666667
2012-10-01,4752532.1,3764447.04,988085.0599999996,0.2079070775766038,5347570.048571429,4183315.2333333334,3320742.2229999998,862573.0103333333
2012-10-02,3233135.78,2566510.62,666625.1599999997,0.2061853276078618,5003746.941428571,4204849.778,3341422.6676666667,863427.1103333333
2012-10-03,3515132.03,2762823.63,752308.3999999999,0.21401995531871956,4849868.29,4193170.6786666666,3331402.419333333,861768.2593333333
2012-10-04,2398137.74,1902425.74,495712.00000000023,0.20670705928676147,4112903.3014285713,4151583.622,3298917.651,852665.9710000001
2012-10-05,2665953.06,2064899.19,601053.8700000001,0.22545553371446087,3794806.4328571423,4160509.207,3302201.741333334,858307.4656666666
2012-10-06,2205266.94,1755004.4,450262.54000000004,0.20417598061847336,3352076.7871428574,4138743.8593333336,3289104.889333333,849638.9700000001
2012-10-07,3389598.07,2725469.75,664128.3199999998,0.19593128928115064,3165679.3885714286,4142305.335,3293952.712333333,848352.6226666667
2012-10-08,4037039.45,3285493.04,751546.4100000001,0.18616276093115713,3063466.152857143,4154666.487,3310002.4363333336,844664.0506666668
2012-10-09,4298675.76,3472700.63,825975.1299999999,0.19214641348060174,3215686.1499999994,4149338.9649999994,3306109.930666667,843229.0343333334
2012-10-10,3548716.67,2839202.59,709514.0800000001,0.19993539805475655,3220483.955714286,4115997.4276666665,3283506.654333333,832490.7733333333
2012-10-11,3421490.39,2765374.16,656116.23,0.19176328301772608,3366677.1914285715,4095994.922333333,3266873.6459999997,829121.2763333333
2012-10-12,2380119.87,1830898.15,549221.7200000002,0.23075380652992078,3325843.878571429,4064132.975,3238780.5626666667,825352.4123333334
2012-10-13,2798011.44,2256579.15,541432.29,0.19350610303437504,3410521.6642857143,4070413.046666667,3243872.968666666,826540.078
2012-10-14,3055629.78,2516987.32,538642.46,0.176278704810895,3362811.9085714286,4047959.7583333333,3233258.8036666666,814700.9546666667
2012-10-15,3234517.3,2632811.8,601705.5,0.1860263662834637,3248165.887142857,4035606.147,3226034.533666667,809571.6133333334
2012-10-16,3549298.21,2763325.25,785972.96,0.22144461059528722,3141111.9514285713,4005515.672666667,3199428.9436666667,806086.7289999999
2012-10-17,3818048.0,3108682.75,709365.25,0.1857926484947282,3179587.8557142853,3972390.983666667,3171982.7276666667,800408.2559999999
2012-10-18,2909728.89,2301277.14,608451.75,0.2091094301228868,3106479.07,3900086.0110000004,3111251.9359999998,788834.075
2012-10-19,2877379.81,2352068.71,525311.1000000001,0.182565783694715,3177516.2042857143,3873323.9506666665,3089176.767666667,784147.183
2012-10-20,3242557.3,2647331.71,595225.5899999999,0.18356671445713538,3241022.7557142857,3855971.069,3074745.370666667,781225.6983333334
2012-10-21,2395609.91,1920246.47,475363.4400000002,0.19843107094176285,3146734.202857143,3804365.794666667,3039463.655333333,764902.1393333334
2012-10-22,3596158.34,2873316.18,722842.1599999997,0.20100398582560736,3198397.208571428,3795158.605,3034865.3033333337,760293.3016666666
2012-10-23,3999141.88,3151858.27,847283.6099999999,0.21186635418896413,3262660.5900000003,3791186.6829999997,3030095.539,761091.144
2012-10-24,3829179.99,3037851.31,791328.6800000002,0.20665747811974755,3264250.8742857142,3727717.231666667,2978498.4953333335,749218.7363333333
2012-10-25,3104460.52,2528526.7,575933.8199999998,0.18551816532683746,3292069.6785714286,3643202.664666667,2912702.8646666664,730499.8
2012-10-26,2138927.17,1671777.12,467150.0499999998,0.21840390666504078,3186576.444285714,3561424.1506666667,2846081.534,715342.6166666666
2012-10-27,2816872.34,2296869.06,520003.2799999998,0.18460306937445373,3125764.3071428575,3403423.4733333336,2722073.565,681349.9083333333
2012-10-28,6259883.83,5044146.85,1215736.9800000004,0.19421078937178943,3677803.4385714284,3448998.563,2760725.4293333334,688273.1336666666
2012-10-29,5424539.1,4294440.71,1130098.3899999997,0.20833076675583365,3939000.6900000004,3453004.051,2764869.4320000005,688134.6190000001
2012-10-30,6347274.89,5049887.71,1297387.1799999997,0.20440066051716246,4274448.262857142,3508100.552,2806107.7716666665,701992.7803333333
2012-10-31,4942677.89,3871571.88,1071106.0099999998,0.21670560652294496,4433519.391428571,3514438.745,2809678.599666667,704760.1453333333
2012-11-01,5536748.35,4440955.34,1095793.0099999998,0.19791273518869607,4780989.081428572,3591225.830666667,2872160.0903333332,719065.7403333334
2012-11-02,1936831.08,1547786.14,389044.9400000002,0.20086673743380873,4752118.211428571,3538615.799,2831658.8406666666,706956.9583333334
2012-11-03,2911848.61,2151815.97,760032.6399999997,0.2610137894497199,4765686.249999999,3555739.4946666667,2839971.848333333,715767.6463333332
2012-11-04,2658832.75,2131401.7,527431.0499999998,0.19836939724772076,4251250.381428571,3555502.151,2842188.5986666665,713313.5523333332
2012-11-05,3332448.46,2732792.99,599655.4699999997,0.1799444094028088,3952380.2899999996,3593074.8683333336,2874781.551666667,718293.3166666665
2012-11-06,3439495.01,2809375.18,630119.8299999996,0.1832012630249461,3536983.1642857147,3594738.0996666667,2877578.3993333336,717159.7003333332
2012-11-07,1969815.91,1538155.1,431660.8099999998,0.21913764012597495,3112288.595714286,3525830.648333333,2819333.801333333,706496.8469999998
2012-11-08,2197716.17,1723412.77,474303.3999999999,0.21581649462951347,2635283.9985714285,3455798.662,2761024.2060000002,694774.4559999999
2012-11-09,2920310.06,2308918.6,611391.46,0.20935840627827032,2775780.9957142854,3434851.775,2743348.073,691503.7019999999
2012-11-10,3124993.27,2475389.25,649604.02,0.2078737340768737,2806230.2328571426,3424968.5376666663,2733681.9093333334,691286.6283333333
2012-11-11,3484874.3,2713727.18,771147.1199999996,0.22128405607054455,2924236.1685714284,3461793.6853333334,2763109.543666667,698684.1416666665
2012-11-12,3806978.06,3077336.49,729641.5699999998,0.19165899001792508,2992026.111428571,3495425.906,2790468.121666667,704957.7843333333
2012-11-13,3848498.06,3048755.92,799742.1400000001,0.20780629937487877,3050455.118571428,3521854.8486666665,2808193.7416666667,713661.107
2012-11-14,3213518.64,2550177.92,663340.7200000002,0.2064219300747545,3228126.937142857,3521154.893333333,2805439.279,715715.6143333332
2012-11-15,2996358.37,2282178.26,714180.1100000003,0.23834936339740975,3342218.68,3502723.5653333333,2789401.0459999996,713322.5193333332
2012-11-16,2851503.98,2255928.16,595575.8199999998,0.20886375196292023,3332389.2399999998,3470505.4313333333,2760975.893,709529.5383333333
2012-11-17,3258479.4,2499839.57,758639.8300000001,0.2328202013491324,3351458.687142857,3482130.448333333,2767594.6406666664,714535.8076666667
2012-11-18,3292697.97,2632996.71,659701.2600000002,0.20035280065483813,3324004.9257142856,3495974.387,2776958.9073333335,719015.4796666666
2012-11-19,4654711.93,3714724.53,939987.3999999999,0.20194319522583215,3445109.7642857144,3543046.2079999996,2812538.668,730507.5399999999
2012-11-20,3532139.01,2841184.71,690954.2999999998,0.19561922620933309,3399915.614285714,3580930.511333333,2843236.6093333336,737693.9019999999
2012-11-21,3144567.59,2465022.82,679544.77,0.21610118102120363,3390065.464285714,3565877.486333333,2829626.8306666664,736250.6556666665
2012-11-22,2661394.83,2082526.75,578868.0800000001,0.21750552510091112,3342213.5300000003,3521285.9179999996,2793982.4466666663,727303.4713333332
2012-11-23,3625609.77,2879673.14,745936.6299999999,0.2057410138764051,3452800.0714285714,3514500.2440000004,2788709.8409999995,725790.4029999998
2012-11-24,2283866.51,1759438.38,524428.1299999999,0.22962293448578128,3313569.6585714286,3487147.110333333,2763073.563666667,724073.5466666665
2012-11-25,2891169.43,2288045.69,603123.7400000002,0.20860892265314254,3256208.4385714284,3512221.852333334,2783615.8493333333,728606.003
2012-11-26,3626699.25,2942841.67,683857.5800000001,0.18856197684437168,3109349.4842857146,3539216.0826666667,2805148.2696666666,734067.8129999998
2012-11-27,4703189.22,3751057.26,952131.96,0.20244389827037407,3276642.3714285716,3487326.2623333335,2762045.283333333,725280.9789999999
2012-11-28,3980270.66,3143037.5,837233.1600000001,0.21034578588180738,3396028.5242857146,3439183.9809999997,2723665.176333333,715518.8046666665
2012-11-29,3116036.61,2564940.27,551096.3399999999,0.1768581082235744,3460977.35,3331476.038333333,2640833.595,690642.4433333332
2012-11-30,3184691.98,2466641.44,718050.54,0.22546938432645536,3397989.0942857144,3272876.508,2594002.580333333,678873.9276666666
2012-12-01,3064822.76,2435991.34,628831.4199999999,0.20517709154574407,3509554.272857143,3190478.988333333,2527170.447,663308.5413333332
2012-12-02,1765509.34,1464812.23,300697.1100000001,0.17031748469821184,3348745.688571428,3184768.2636666666,2524404.65,660363.6136666666
2012-12-03,2315389.05,1807129.65,508259.3999999999,0.2195136061475284,3161415.66,3164886.2783333333,2512915.106,651971.1723333334
2012-12-04,2382954.42,1864688.02,518266.3999999999,0.21748901097319348,2829953.5457142857,3155690.334,2504024.65,651665.684
2012-12-05,2286277.45,1849992.69,436284.76000000024,0.19082756556952446,2587954.5157142854,3120817.9669999997,2474597.973333333,646219.9936666668
2012-12-06,2733678.5,2184618.1,549060.3999999999,0.2008503926120061,2533331.9285714286,3097290.75,2453772.7373333336,643518.0126666666
2012-12-07,2065198.04,1633326.72,431871.32000000007,0.20911859862117632,2373404.222857143,3100470.1543333335,2456945.124666667,643525.0296666666
2012-12-08,2087384.34,1719369.91,368014.43000000017,0.1763041060277381,2233770.1628571427,3096792.4266666668,2456810.3626666665,639982.064
2012-12-09,2430122.78,1883727.02,546395.7599999998,0.22484286164339393,2328714.94,3080452.8506666664,2442637.31,637815.5406666666
2012-12-10,2542389.69,2015472.58,526917.1099999999,0.20725269303621188,2361143.602857143,3061032.731333333,2427306.754333333,633725.9770000001
2012-12-11,3699430.17,3001083.16,698347.0099999998,0.18877150747786647,2549211.567142857,3068184.593666666,2436885.287,631299.3066666666
2012-12-12,4386420.92,3545221.89,841199.0299999998,0.19177344020144785,2849232.062857143,3087499.3556666668,2452481.467,635017.8886666667
2012-12-13,2326824.81,1839144.84,487679.97,0.20959032579680975,2791110.1071428573,3036776.914,2412161.0976666664,624615.8163333333
2012-12-14,2659317.57,2101555.8,557761.77,0.20973868495141784,2875984.325714286,3018303.5450000004,2397207.0270000002,621096.5179999999
2012-12-15,3385542.75,2693057.28,692485.4700000002,0.20454193644431168,3061435.5271428567,3031276.3576666666,2410902.994333334,620373.3633333333
2012-12-16,3484853.43,2706611.68,778241.75,0.2233212287496407,3212111.334285714,3052388.0059999996,2425925.7783333333,626462.2276666666
2012-12-17,4281691.85,3433745.61,847946.2399999998,0.1980399967363368,3460583.0714285714,3086495.0876666666,2457055.9796666666,629439.1079999999
2012-12-18,4394537.67,3473710.24,920827.4299999997,0.20953909128738898,3559884.1428571427,3123223.077666667,2485079.7639999995,638143.3136666666
2012-12-19,3785472.73,3004383.53,781089.2000000002,0.20633861493964592,3474034.4014285714,3094248.4376666667,2461401.7306666663,632846.7069999999
2012-12-20,3905985.95,3132486.67,773499.2800000003,0.19802920182034967,3699628.8500000006,3106710.0023333337,2471111.7959999996,635598.2063333334
2012-12-21,3966203.09,3174444.37,791758.7199999997,0.19962636860332833,3886326.781428572,3134097.852333334,2494759.1810000003,639338.6713333334
2012-12-22,3225123.87,2559516.54,665607.3300000001,0.20638194278100705,3863409.7985714287,3152888.820333333,2510658.8406666666,642229.9796666667
2012-12-23,2151580.15,1770780.57,380799.57999999984,0.1769860072375179,3672942.1871428574,3103754.4996666666,2473695.7550000004,630058.7446666666
2012-12-24,3297376.6,2599138.83,698237.77,0.21175554226957272,3532325.722857143,3137538.169333333,2501685.77,635852.3993333334
2012-12-25,4917024.98,3856446.89,1060578.0900000003,0.21569507869370236,3606966.767142858,3205066.6876666667,2553965.81,651100.8776666666
2012-12-26,3285221.25,2658633.45,626587.7999999998,0.19072925453650946,3535502.27,3193684.0876666666,2544492.202666667,649191.885
2012-12-27,4994041.71,3924374.73,1069666.98,0.21418863560112317,3690938.807142857,3203379.1706666667,2550269.451666667,653109.719
2012-12-28,8573663.31,6682336.48,1891326.83,0.2205972828200551,4349147.41,3356492.2590000005,2668246.084333333,688246.1746666667
2012-12-29,7842913.37,6260959.87,1581953.5,0.2017048289798973,5008831.624285715,3514054.8176666666,2791446.7376666665,722608.08
2012-12-30,6511908.92,5180121.12,1331787.7999999998,0.20451572900684856,5631735.734285714,3624962.049,2881896.0603333334,743065.9886666667
2012-12-31,5573749.22,4432224.44,1141524.7799999993,0.2048037568507611,5956931.822857142,3708592.9310000003,2948437.1636666665,760155.7673333333
2013-01-01,5304546.99,4156070.2,1148476.79,0.2165079868582708,6012292.11,3826560.852666667,3038145.762666667,788415.09
2013-01-02,1606940.44,1237497.84,369442.59999999986,0.22990435165101694,5772537.708571428,3802945.8990000007,3019158.035666667,783787.8633333333
2013-01-03,2281680.01,1832133.02,449546.98999999976,0.19702455560365795,5385057.465714286,3799570.0853333334,3018072.8690000004,781497.2163333333
2013-01-04,2376895.46,1940747.07,436148.3899999999,0.18349498214784757,4499804.915714285,3802590.685666667,3021098.015,781492.6706666666
2013-01-05,2509462.77,1977027.71,532435.06,0.21217093409997076,3737883.4014285714,3795116.828,3014178.3353333334,780938.4926666666
2013-01-06,2603356.52,2060481.76,542874.76,0.20852878037618913,3179518.772857143,3813055.4439999997,3028416.8366666664,784638.6073333333
2013-01-07,3048100.39,2452517.39,595583.0,0.1953948111269393,2818711.7971428568,3845079.3123333333,3052855.086,792224.2263333333
2013-01-08,2449700.42,1973182.14,476518.28,0.1945210426995804,2410876.5728571424,3845731.9003333333,3055836.9233333333,789894.977
2013-01-09,2049715.7,1654806.5,394909.19999999995,0.19266535354146916,2474130.181428571,3829309.4340000004,3043814.720666667,785494.7133333333
2013-01-10,2794331.46,2122153.07,672178.3900000001,0.2405507004526944,2547366.1028571427,3799139.477,3014517.051,784622.4259999999
2013-01-11,2343077.25,1805692.13,537385.1200000001,0.22935015053387595,2542534.9299999997,3731028.0213333336,2956532.7256666664,774495.2956666666
2013-01-12,2814596.53,2241879.07,572717.46,0.20348119309306475,2586125.467142857,3747287.0786666665,2969957.2000000007,777329.8786666667
2013-01-13,2919719.62,2279740.92,639978.7000000002,0.21919183459129551,2631320.195714286,3755967.147,2975896.7039999994,780070.443
2013-01-14,3077677.28,2477490.97,600186.3099999996,0.1950127500047697,2635545.4657142856,3745704.9646666665,2968711.1603333335,776993.8043333333
2013-01-15,2536405.93,2094291.34,442114.5900000001,0.17430750526592564,2647931.967142857,3714090.048,2948300.482333333,765789.5656666665
2013-01-16,1849789.43,1445623.48,404165.94999999995,0.21849295030299745,2619371.0714285714,3633026.6340000005,2882029.7446666667,750996.8893333334
2013-01-17,2173214.95,1763012.0,410202.9500000002,0.18875397024118584,2530640.1414285717,3558982.543333334,2825006.47,733976.0733333334
2013-01-18,2099249.56,1615535.57,483713.99,0.23042233720892144,2495807.6142857145,3502775.1043333337,2778711.538,724063.5663333333
2013-01-19,2477132.79,2033637.15,443495.64000000013,0.17903587639320706,2447598.5085714287,3455146.665666667,2742083.220666667,713063.445
2013-01-20,2522776.58,2018671.04,504105.54000000004,0.19982171389905642,2390892.36,3407032.4486666666,2703557.4430000004,703475.0056666665
2013-01-21,4100379.42,3250868.59,849510.8300000001,0.20717859080465292,2536992.665714286,3436207.6336666667,2726602.511333333,709605.1223333332
2013-01-22,3538734.12,2801650.02,737084.1000000001,0.20829033066773608,2680182.4071428576,3482446.0993333333,2760964.8263333337,721481.273
2013-01-23,2836455.88,2322088.98,514366.8999999999,0.18134140693914122,2821134.757142857,3467082.0753333336,2751729.831333333,715352.2440000001
2013-01-24,2522924.71,2102458.71,420466.0,0.16665816396875355,2871093.2942857146,3387278.7330000005,2693263.558666667,694015.1743333334
2013-01-25,2823082.71,2273250.41,549832.2999999998,0.19476308577583257,2974498.0300000003,3371874.115,2680417.4573333333,691456.6576666667
2013-01-26,2312290.79,1869897.73,442393.06000000006,0.19132241581085918,2950949.172857143,3282482.4176666667,2611934.8906666664,670547.527
2013-01-27,3818881.29,3023842.24,795039.0499999998,0.20818637439238125,3136106.988571428,3123989.6836666665,2489985.0826666667,634004.601
2013-01-28,5008712.77,4035190.91,973521.8599999994,0.19436567930805893,3265868.895714286,3029516.330333333,2415792.784,613723.5463333334
2013-01-29,4833870.43,4015854.7,818015.7299999995,0.16922582883546583,3450888.368571428,2973581.714,2376983.9033333333,596597.8106666667
2013-01-30,4296295.37,3414688.28,881607.0900000003,0.20520169450081369,3659436.867142857,2930999.919,2343066.0313333333,587933.8876666666
2013-01-31,3378679.46,2731823.14,646856.3199999998,0.19145240845072645,3781687.5457142857,2866804.334666667,2295591.129333333,571213.2053333333
2013-02-01,4073777.92,3289266.58,784511.3399999999,0.1925758731590356,3960358.2899999996,2949032.2506666663,2363983.4206666662,585048.83
2013-02-02,2351969.75,1915236.16,436733.5900000001,0.18568843838233892,3966026.7128571426,2951375.242,2366753.525333333,584621.7166666667
2013-02-03,2743224.75,2293960.05,449264.7000000002,0.16377247252526436,3812361.492857143,2963586.2183333333,2378527.2913333336,585058.9269999999
2013-02-04,3599084.22,2986552.92,612531.3000000003,0.17019087705594182,3610985.9857142856,2999906.933333333,2412178.1316666664,587728.8016666665
2013-02-05,3829186.14,3181079.49,648106.6499999999,0.16925441237494918,3467459.6585714286,3040767.9206666667,2449531.3893333334,591236.5313333333
2013-02-06,2313071.08,1919077.04,393994.04000000004,0.17033373656636613,3184141.902857143,3016266.9436666667,2431750.044333333,584516.8993333334
2013-02-07,2839296.13,2338660.54,500635.58999999985,0.17632383769705623,3107087.141428571,3029253.467333333,2443932.657666667,585320.8096666667
2013-02-08,2648161.4,2136088.4,512073.0,0.19336925611860364,2903427.6385714286,3049201.6573333335,2459975.387666667,589226.2696666666
2013-02-09,2957587.36,2354253.06,603334.2999999998,0.20399542821957417,2989944.44,3054643.520666667,2467712.0539999995,586931.4666666667
2013-02-10,3380985.73,2832001.18,548984.5499999998,0.1623741103456239,3081053.1514285714,3089240.47,2501922.3556666668,587318.1143333332
2013-02-11,4189315.44,3426089.62,763225.8199999998,0.18218389876127347,3165371.8971428573,3135064.433666667,2541396.040666667,593668.3929999999
2013-02-12,3967295.55,3276616.25,690679.2999999998,0.17409323084084316,3185101.812857143,3169983.6313333334,2574625.2183333337,595358.413
2013-02-13,3156812.35,2628245.52,528566.8300000001,0.167436886136105,3305636.28,3172621.4669999997,2579650.37,592971.0969999998
2013-02-14,3286622.13,2725794.93,560827.1999999997,0.17063939139240195,3369539.9942857143,3197628.6736666667,2600700.4896666664,596928.184
2013-02-15,2860640.37,2293142.09,567498.2800000003,0.198381553288364,3399894.132857143,3231323.7049999996,2628951.11,602372.595
2013-02-16,3339909.75,2755975.45,583934.2999999998,0.17483535296125885,3454511.617142857,3270213.5316666663,2662049.8916666666,608163.64
2013-02-17,3433567.61,2907659.44,525908.1699999999,0.1531666854231538,3462023.3142857146,3314690.8,2705120.6873333333,609570.1126666666
2013-02-18,4473211.04,3823113.82,650097.2200000002,0.14533122050060937,3502579.8285714285,3381226.7416666667,2764769.9096666668,616456.8319999999
2013-02-19,4318301.23,3421155.04,897146.1900000004,0.2077544252279965,3552723.4971428574,3441077.5633333335,2811519.376333333,629558.187
2013-02-20,3392471.04,2787089.48,605381.56,0.17844855648347702,3586389.0242857146,3417480.617333333,2796060.072666667,621420.5446666667
2013-02-21,3412803.18,2676550.95,736252.23,0.21573240271066554,3604414.8885714286,3413282.919333333,2791890.1036666664,621392.8156666666
2013-02-22,3535377.38,2908690.59,626686.79,0.17726163932179712,3700805.89,3436580.3026666665,2811443.4906666665,625136.812
2013-02-23,4286140.45,3439856.85,846283.6000000001,0.1974465395785152,3835981.7042857143,3495354.1606666665,2856023.4286666666,639330.7320000001
2013-02-24,5419232.89,4431878.1,987354.79,0.18219456702478054,4119648.172857143,3581892.5,2927977.685,653914.815
2013-02-25,9128225.25,7430696.94,1697528.3099999996,0.18596477009591755,4784650.202857142,3809090.3153333333,3113337.658666666,695752.6566666665
2013-02-26,6762535.71,5653323.87,1109211.8399999999,0.16402306583901202,5133826.5571428565,3907212.129333333,3200987.0463333335,706225.083
2013-02-27,5716765.68,4880975.48,835790.1999999993,0.14619983514874432,5465868.648571429,3930813.893,3229179.8653333336,701634.0276666667
2013-02-28,4367566.41,3573846.75,793719.6600000001,0.18173041586332744,5602263.395714285,3915270.4256666666,3214446.267,700824.1586666666
2013-03-01,2693901.21,2256905.73,436995.48,0.16221659442366856,5482052.514285713,3861857.287,3175853.5153333335,686003.7716666666
2013-03-02,279813.94,236576.31,43237.630000000005,0.1545227875351743,4909720.1557142865,3758561.7696666666,3092678.621,665883.1486666667
2013-03-03,1959484.08,1505793.8,453690.28,0.23153557848757822,4415470.3257142855,3688085.308333333,3033229.528333334,654855.7799999999
2013-03-04,1412869.43,1130489.5,282379.92999999993,0.19986272192186927,3313276.637142857,3656781.964333333,3007071.3063333337,649710.6579999999
2013-03-05,2440470.72,1954056.55,486414.17000000016,0.19931161886670787,2695838.7814285713,3646690.1633333336,2995741.1896666666,650948.9736666667
2013-03-06,3247761.18,2622451.1,625310.0800000001,0.19253573318466724,2343123.8528571427,3634979.3953333334,2983604.4623333337,651374.933
2013-03-07,4017685.67,3191424.08,826261.5899999999,0.20565610599397635,2293140.8899999997,3641262.713,2983949.2819999997,657313.4309999999
2013-03-08,3622255.55,2838056.23,784199.3199999998,0.21649475283432165,2425762.9385714284,3684902.195333333,3014581.921666667,670320.2736666666
2013-03-09,3263371.09,2560913.71,702457.3799999999,0.21525513361093113,2851985.3885714286,3699038.0273333336,3021990.360666667,677047.6666666665
2013-03-10,3510986.19,2877727.07,633259.1200000001,0.1803650272973589,3073628.5471428568,3727798.8536666664,3046711.6496666665,681087.2039999999
2013-03-11,3242639.13,2568418.97,674220.1599999997,0.20792327883861678,3335024.218571428,3737300.5793333333,3053850.5133333337,683450.0659999999
2013-03-12,3660190.99,2853606.73,806584.2600000002,0.2203667137052868,3509269.9714285717,3746607.4213333335,3054570.6983333332,692036.723
2013-03-13,4335373.37,3463021.54,872351.8300000001,0.20121723218501017,3664643.1414285717,3751476.019,3055801.762333333,695674.2566666666
2013-03-14,6692797.3,5359353.2,1333444.0999999996,0.1992356917786827,4046801.945714285,3842326.0773333334,3125226.327333333,717099.75
2013-03-15,5330057.69,4206775.58,1123282.1100000003,0.21074483154421547,4290773.680000001,3914767.588666667,3177843.996,736923.5926666667
2013-03-16,3591734.21,2762570.88,829163.3300000001,0.23085319834955162,4337682.697142857,3924937.9913333333,3179069.8610000005,745868.1303333332
2013-03-17,4401297.64,3565497.63,835800.0099999998,0.18989854319418395,4464870.047142857,3976293.233666667,3221481.7123333337,754811.5213333333
2013-03-18,4567013.37,3743618.37,823395.0,0.18029178662115455,4654066.367142857,4017196.687666667,3254403.143,762793.5446666667
2013-03-19,4645433.62,3929520.42,715913.2000000002,0.15411116777511938,4794815.314285715,4057592.2213333338,3288465.175666667,769127.0456666666
2013-03-20,4992105.19,4308112.41,683992.7800000003,0.13701489731629637,4888634.145714286,4074888.6930000004,3304631.7953333333,770256.8976666667
2013-03-21,7355693.45,6496769.78,858923.6699999999,0.11676991106800405,4983333.595714286,4176135.100333333,3407152.286666667,768982.8136666665
2013-03-22,6603332.26,6021167.98,582164.2799999993,0.08816219706624294,5165229.962857143,4283163.807666667,3514954.9033333333,768208.9043333333
2013-03-23,6009508.61,5393148.03,616360.5800000001,0.10256422280090552,5510626.305714286,4369720.655333334,3605508.139333333,764212.516
2013-03-24,5088153.2,4610104.28,478048.9199999999,0.09395332671980079,5608748.528571429,4421479.849333334,3662221.929,759257.9203333333
2013-03-25,4694308.82,4169990.65,524318.1700000004,0.1116923044700754,5626933.592857144,4435085.461666667,3686559.7223333335,748525.7393333333
2013-03-26,5731432.22,5192620.7,538811.5199999996,0.09400992619607383,5782076.25,4445492.106000001,3711917.8090000004,733574.297
2013-03-27,6872130.59,6081507.57,790623.0199999996,0.11504772932436366,6050651.3071428565,4370288.950666667,3666944.83,703344.1206666667
2013-03-28,8099154.93,7239463.63,859691.2999999998,0.10614580254732821,6156860.090000001,4414842.924666667,3719816.1553333336,695026.7693333332
2013-03-29,8381683.44,7644413.84,737269.6000000006,0.08796199537690969,6410910.258571429,4503673.516666667,3811930.7673333334,691742.7493333333
2013-03-30,11636994.38,10600188.31,1036806.0700000003,0.0890956922503902,7214836.797142857,4745987.782333333,4046142.1526666665,699845.6296666667
2013-03-31,9455023.8,8513517.85,941505.9500000011,0.09957732205814236,7838675.454285714,4971358.535333334,4254695.89,716662.6453333334
2013-04-01,10313848.23,9188774.52,1125073.710000001,0.10908379538953142,8641466.798571428,5305826.345,4553102.4969999995,752723.848
2013-04-02,8250013.05,7374699.1,875313.9500000002,0.10609849277753569,9001264.06,5515510.644,4748732.673666667,766777.9703333335
2013-04-03,8740749.51,7769943.74,970805.7699999996,0.11106665039300498,9268209.620000001,5759773.3133333335,4970047.8149999995,789725.4983333334
2013-04-04,4270660.8,3779960.51,490700.29000000004,0.1149003194072449,8721281.887142858,5820779.649333334,5030911.280333335,789868.3690000001
2013-04-05,3073716.42,2637291.44,436424.98,0.141986091221779,7963000.884285714,5814978.157333333,5031405.958333333,783572.1990000001
2013-04-06,3663196.56,3221790.63,441405.93000000017,0.1204974733870137,6823886.910000001,5803161.853666667,5032418.176666667,770743.677
2013-04-07,2924734.26,2598895.09,325839.1699999999,0.1114081284089037,5890988.404285714,5779911.143999999,5024446.138666666,755465.0053333335
2013-04-08,4670874.28,4351446.44,319427.83999999985,0.06838716284181381,5084849.268571429,5826827.916999999,5084130.563,742697.3540000002
2013-04-09,4293257.18,3845242.09,448015.08999999985,0.104353191811351,4519598.430000001,5852903.616666666,5116381.063666667,736522.5530000001
2013-04-10,6011834.78,5327749.04,684085.7400000002,0.11378984370558504,4129753.4685714287,5945210.138333334,5208358.732666667,736851.4056666667
2013-04-11,4244755.76,3794688.65,450067.10999999987,0.10602897680030474,4126052.7485714285,5964695.630666667,5239728.13,724967.5006666667
2013-04-12,4282161.81,3850989.97,431171.8399999994,0.1006902259025096,4298687.804285714,5962921.912,5252660.411,710261.501
2013-04-13,5214391.75,4691901.42,522490.3300000001,0.10020158727046162,4520287.117142857,5913641.727,5230412.018333333,683229.7086666668
2013-04-14,4506492.03,3873550.82,632941.2100000004,0.1404509773425696,4746252.512857143,5886189.538333333,5219304.526333333,666885.012
2013-04-15,5167610.5,4514315.72,653294.7800000003,0.12642105669535278,4817214.83,5938718.748,5277696.021,661022.7270000001
2013-04-16,5887221.88,4755791.57,1131430.3099999996,0.19218407817168928,5044924.072857142,5988249.555999999,5317372.485666667,670877.0703333333
2013-04-17,8104639.53,6617328.78,1487310.75,0.1835134979778675,5343896.18,6106170.428,5413162.832666667,693007.5953333334
2013-04-18,6536742.64,5253454.75,1283287.8899999997,0.19631917006296576,5671322.877142857,6169214.062000001,5457293.977,711920.0850000001
2013-04-19,5871312.85,4657092.08,1214220.7699999996,0.20680566698127822,5898344.454285714,6198520.984,5468926.632666666,729594.3513333333
2013-04-20,6012115.71,4722140.67,1289975.04,0.21456257700668904,6012305.0200000005,6153735.059333334,5409772.329,743962.7303333333
2013-04-21,6323547.99,5021941.78,1301606.21,0.20583479591810608,6271884.442857142,6144408.916999999,5376464.789000001,767944.128
2013-04-22,7292352.56,5866886.82,1425465.7399999993,0.1954740570030804,6575419.022857143,6187170.381999999,5392256.082,794914.3
2013-04-23,8757473.08,6907927.03,1849546.0499999998,0.21119631577560039,6985454.908571429,6309481.044666667,5468850.173666667,840630.8709999999
2013-04-24,9358565.61,7286897.36,2071668.249999999,0.221366001621695,7164587.205714285,6464956.271,5572747.063999999,892209.2069999999
2013-04-25,9127283.0,7206948.14,1920334.8600000003,0.21039501678648512,7534664.399999999,6578151.297,5639891.312000001,938259.9849999999
2013-04-26,6156392.84,4860244.05,1296148.79,0.21053705045891777,7575390.112857142,6554293.3719999995,5599182.527999999,955110.844
2013-04-27,6420235.09,5103697.51,1316537.58,0.2050606498896912,7633692.8814285705,6498329.377333333,5527990.324,970339.0533333333
2013-04-28,9099343.31,7234100.22,1865243.0900000008,0.2049865607279742,8030235.07,6522251.373,5514313.203333333,1007938.1696666667
2013-04-29,13160942.22,10423989.71,2736952.51,0.2079602253583938,8868605.021428572,6573049.634333333,5508439.916666667,1064609.7176666667
2013-04-30,11190466.86,8842281.65,2348185.209999999,0.20983800223684315,9216175.561428571,6630897.736333334,5519398.709999999,1111499.0263333332
2013-05-01,13051232.31,10395426.51,2655805.8000000007,0.20349080737495512,9743699.375714285,6722143.872333334,5559620.443000001,1162523.4293333332
2013-05-02,11179665.29,8989067.99,2190597.299999999,0.19594480185014546,10036896.845714286,6819798.947,5613432.7393333325,1206366.2076666665
2013-05-03,8173550.12,6507576.59,1665973.5300000003,0.2038249604567177,10325062.171428572,6800892.300666667,5571353.834333333,1229538.4663333332
2013-05-04,3225175.57,2586608.79,638566.7799999998,0.19799442422292682,9868625.097142858,6766042.793,5531575.443666667,1234467.3493333333
2013-05-05,3906711.0,3268319.42,638391.5800000001,0.16340895960822288,9126820.481428571,6793809.279,5552609.709666667,1241199.5693333333
2013-05-06,4311626.38,3384442.35,927184.0299999998,0.21504275841266188,7862632.504285715,6815423.606333333,5558031.433666666,1257392.1726666663
2013-05-07,3763332.37,3079887.85,683444.52,0.18160620769193447,6801613.291428572,6843376.876666667,5574064.525666666,1269312.351
2013-05-08,5458168.5,4267785.48,1190383.0199999996,0.21809202482481066,5716889.89,6869620.017333333,5571275.8270000005,1298344.190333333
2013-05-09,5815611.07,4647084.74,1168526.33,0.20092924302106055,4950596.43,6920365.147,5598003.9153333325,1322361.2316666665
2013-05-10,4248246.45,3392369.6,855876.8500000001,0.20146591307102724,4389838.762857143,6861578.869333333,5533491.267333333,1328087.6019999997
2013-05-11,4388803.6,3347274.34,1041529.2599999998,0.23731507602664195,4556071.338571428,6866380.464000001,5518577.457,1347803.0069999998
2013-05-12,4298069.68,3423974.02,874095.6599999997,0.20336935533348538,4611979.721428571,6866910.726333334,5504343.591999999,1362567.1343333332
2013-05-13,4663488.62,3677688.54,985800.0800000001,0.21138683083137877,4662245.755714285,6848547.2886666665,5470536.496,1378010.7926666664
2013-05-14,5622176.45,4515976.68,1106199.7700000005,0.19675650165693404,4927794.909999999,6885736.769333334,5491950.691333334,1393786.078
2013-05-15,6416011.44,5136196.06,1279815.3800000008,0.19947211627789752,5064629.615714286,6927350.134000001,5512680.035999999,1414670.098
2013-05-16,7727680.05,6101584.58,1626095.4699999997,0.21042479236701833,5337782.327142857,6988698.739666667,5557539.803,1431158.9366666668
2013-05-17,6520355.77,5213542.1,1306813.67,0.20042060833744965,5662369.372857143,6935889.281,5510746.9136666665,1425142.3673333332
2013-05-18,5126131.05,4165368.61,960762.44,0.1874244787401602,5767701.865714285,6888868.894666667,5474477.375666666,1414391.519
2013-05-19,5417543.03,4323889.4,1093653.63,0.20187262453548058,5927626.63,6873743.234,5463370.619666667,1410372.614333333
2013-05-20,5837064.06,4872375.63,964688.4299999997,0.16526946082548213,6095280.264285714,6867908.1790000005,5468378.451666666,1399529.727333333
2013-05-21,5156527.79,4086850.49,1069677.2999999998,0.2074413914871968,6028759.027142857,6829007.505666668,5437208.742,1391798.7636666666
2013-05-22,6977473.78,5617374.39,1360099.3900000006,0.1949271946959578,6108967.932857143,6818511.5463333335,5428891.661,1389619.8853333334
2013-05-23,9166919.02,7150676.62,2016242.3999999994,0.2199476613244915,6314573.5,6832159.744333332,5436983.313999999,1395176.4303333333
2013-05-24,6670030.19,5242528.96,1427501.2300000004,0.21401720671971958,6335955.5600000005,6742541.897000001,5368837.700666667,1373704.1963333332
2013-05-25,5054594.94,3916382.21,1138212.7300000004,0.22518376714870852,6325736.115714286,6606785.628333334,5259152.169666667,1347633.4586666666
2013-05-26,3649585.05,2889501.26,760083.79,0.20826581093102628,6073170.69,6523225.368666667,5193460.743333334,1329764.6253333332
2013-05-27,4403026.04,3471897.02,931129.02,0.211474792913103,5868308.115714286,6455985.067000001,5139067.393666667,1316917.6733333333
2013-05-28,6274027.61,4977411.59,1296616.0200000005,0.20666406024948947,6027950.947142857,6361807.877,5063844.439333334,1297963.4376666665
2013-05-29,7359639.59,5841803.19,1517836.3999999994,0.20623787094987345,6082546.062857143,6168431.122666667,4911104.888666666,1257326.234
2013-05-30,12828293.48,10036927.65,2791365.83,0.21759447851359884,6605599.557142858,6223025.343333333,4950926.422000001,1272098.9213333332
2013-05-31,13809349.18,11231361.14,2577988.039999999,0.18668425328354243,7625502.2700000005,6248295.905666666,4978790.909666667,1269504.996
2013-06-01,13162597.88,10314262.16,2848335.7200000007,0.21639616631667552,8783788.404285714,6314393.658666667,5022964.048666667,1291429.61
2013-06-02,12079925.72,9610953.04,2468972.6800000016,0.2043864124025426,9988122.785714285,6444606.178666666,5126409.930333334,1318196.2483333335
2013-06-03,9411997.25,7525850.2,1886147.0499999998,0.2003981726620245,10703690.101428572,6650833.568,5291051.310666666,1359782.2573333334
2013-06-04,5397308.75,4297393.33,1099915.42,0.20378960532876686,10578444.55,6700520.159666667,5325353.774333333,1375166.3853333334
2013-06-05,6860958.96,5505167.85,1355791.1100000003,0.19760956418838574,10507204.459999999,6785497.912333334,5396044.624333334,1389453.288
2013-06-06,5692902.11,4632206.37,1060695.7400000002,0.1863189845012108,9487862.835714284,6849816.903666667,5447788.575,1402028.3286666668
2013-06-07,3843507.28,2986865.05,856642.23,0.22288034537038787,8064171.135714286,6795994.863000001,5405091.227333333,1390903.635666667
2013-06-08,3646959.35,2897196.14,749763.21,0.2055858423538502,6704794.202857143,6723706.472333333,5346761.607333333,1376944.865
2013-06-09,3880132.51,3070545.08,809587.4299999997,0.2086494283155293,5533395.172857143,6711436.007666666,5336034.123333333,1375401.8843333335
2013-06-10,4476887.83,3582347.82,894540.0100000002,0.19981291557175337,4828379.541428572,6714372.148666667,5343869.9059999995,1370502.2426666666
2013-06-11,5003847.86,3903592.44,1100255.4200000004,0.21988186907025592,4772170.842857143,6737898.0879999995,5359857.1866666665,1378040.9013333335
2013-06-12,7209020.15,5796177.46,1412842.6900000004,0.19598262462895188,4821893.87,6822749.139,5430473.484,1392275.6550000003
2013-06-13,6845836.24,5559998.61,1285837.63,0.18782769334838775,4986598.745714285,6863537.798666667,5465274.215000001,1398263.5836666669
2013-06-14,4871516.57,3975403.65,896112.9200000004,0.18394947592264893,5133457.215714285,6812054.636333333,5426581.134666667,1385473.5016666665
2013-06-15,5166292.57,4029821.84,1136470.7300000004,0.2199780044590081,5350504.818571429,6726675.053666667,5357522.376666666,1369152.6770000001
2013-06-16,5794009.15,4551326.63,1242682.5200000005,0.21447714144531518,5623915.767142857,6702463.499666667,5335448.5276666675,1367014.972
2013-06-17,5795298.96,4637293.92,1158005.04,0.19981799869044203,5812260.214285715,6724769.096666667,5351179.371333334,1373589.7253333335
2013-06-18,6632615.61,5459331.17,1173284.4400000004,0.1768961913352914,6044941.321428572,6765271.516,5389027.430333333,1376244.085666667
2013-06-19,7437341.02,6031157.35,1406183.67,0.18907075340751284,6077558.588571429,6818614.081333334,5427653.487666667,1390960.593666667
2013-06-20,7078652.68,5515676.8,1562975.88,0.22080132345185213,6110818.08,6882684.911,5475281.031333333,1407403.8796666667
2013-06-21,5526354.45,4396745.86,1129608.5899999999,0.20440393395324105,6204366.348571428,6834314.266666667,5434593.4136666665,1399720.8530000001
2013-06-22,5117274.96,4111300.17,1005974.79,0.19658407997681643,6197363.832857142,6699326.131333334,5333280.865333334,1366045.266
2013-06-23,5844565.63,4855247.11,989318.5199999996,0.16927152206519058,6204586.187142857,6671810.646,5320371.470333334,1351439.1756666668
2013-06-24,5243774.5,4800223.91,443550.58999999985,0.08458612970485284,6125796.978571429,6678116.631333333,5349832.860333334,1328283.7710000002
2013-06-25,6728887.1,6142934.34,585952.7599999998,0.08708018893644386,6139550.048571428,6780760.033000001,5458280.629666667,1322479.4033333333
2013-06-26,8817278.13,8290194.65,527083.4800000004,0.05977847950680449,6336683.9214285705,6927901.769333333,5618890.550666667,1309011.2186666667
2013-06-27,7748199.74,7462815.86,285383.8799999999,0.03683228228187105,6432333.5014285715,6977040.840333333,5701737.359666666,1275303.4806666668
2013-06-28,6285354.21,6043485.1,241869.11000000034,0.03848138098807328,6540762.038571429,6941231.327666667,5708460.09,1232771.2376666667
2013-06-29,9546012.78,9167617.84,378394.9399999995,0.03963905650668943,7173438.87,6831821.971000001,5679483.096333333,1152338.8746666668
2013-06-30,7372318.59,7149429.97,222888.6200000001,0.030233177972304657,7391689.292857142,6617254.284666668,5543418.724,1073835.5606666668
2013-07-01,6359864.53,6248239.94,111624.58999999985,0.0175514100140746,7551130.725714286,6390496.506333333,5407884.65,982611.8563333334
2013-07-02,7209130.33,6927420.38,281709.9500000002,0.03907682856386925,7619736.901428572,6228136.66,5318433.561333332,909703.0986666667
2013-07-03,8038680.63,7869401.17,169279.45999999996,0.02105811485634303,7508508.687142857,6182359.439333334,5329885.260333333,852474.179
2013-07-04,2521315.44,2408274.98,113040.45999999996,0.04483392208949467,6761810.93,6086492.995666667,5266914.648666667,819578.3470000002
2013-07-05,2494107.65,2432073.97,62033.6799999997,0.024872094033310754,6220204.278571428,5940931.285333334,5164478.186,776453.0993333333
2013-07-06,2452372.43,2331799.51,120572.92000000039,0.04916582755744012,5206827.085714286,5832913.629333333,5087797.957333333,745115.6720000001
2013-07-07,2958215.01,2950992.63,7222.379999999888,0.0024414655376925726,4576240.86,5803403.886999999,5086602.21,716801.677
2013-07-08,2571901.18,2450996.77,120904.41000000015,0.047009741641784286,4035103.238571428,5767568.614666667,5071728.897666666,695839.7170000001
2013-07-09,4624825.33,4592718.95,32106.37999999989,0.006942182181829532,3665916.81,5792391.708666666,5122468.026666667,669923.682
2013-07-10,3855254.64,3797797.81,57456.830000000075,0.01490351101684948,3068284.5257142857,5771670.602333333,5129649.693000001,642020.9093333334
2013-07-11,5785320.61,5626075.87,159244.74000000022,0.027525655142559197,3534570.978571429,5797719.694,5187065.807333334,610653.8866666667
2013-07-12,6053300.71,5886949.95,166350.75999999978,0.02748100052673573,4043027.1300000004,5759195.712666666,5190091.557,569104.1556666667
2013-07-13,4161301.31,3995435.41,165865.8999999999,0.03985914204323741,4287159.827142857,5669711.215,5137939.450333333,531771.7646666667
2013-07-14,4482102.22,4419156.67,62945.549999999814,0.01404375601232937,4504858.0,5656730.736666666,5152731.217666666,503999.51900000003
2013-07-15,4387240.36,4219310.04,167930.3200000003,0.03827698193403752,4764192.168571429,5630762.329666668,5159047.491,471714.83866666665
2013-07-16,4411030.39,4135243.61,275786.7799999998,0.06252207661620754,4733650.034285715,5584663.037666666,5145178.056999999,439484.9806666666
2013-07-17,4475453.64,4375610.63,99843.00999999978,0.022309025638795308,4822249.891428572,5540668.193666667,5136455.280666666,404212.913
2013-07-18,6265533.39,6163756.55,101776.83999999985,0.01624392269019571,4890851.717142857,5528432.119666667,5159936.126666667,368495.99299999996
2013-07-19,6310739.5,5960928.51,349810.9900000002,0.055431061605379243,4927628.687142857,5490878.735666666,5157595.1653333325,333283.57033333334
2013-07-20,4157746.85,3978173.28,179573.5700000003,0.0431901163006113,4927120.907142857,5393515.208,5106345.0479999995,287170.16000000003
2013-07-21,4847680.2,4301699.27,545980.9300000006,0.11262725829150211,4979346.332857142,5370892.733,5103176.828333333,267715.9046666667
2013-07-22,5926190.4,5032346.99,893843.4100000001,0.1508293439238807,5199196.338571428,5397856.581,5133878.389,263978.192
2013-07-23,4436778.28,3552350.42,884427.8600000003,0.19934010766028187,5202874.608571428,5350930.336,5090448.499333333,260481.8366666667
2013-07-24,7329505.1,5924978.27,1404526.83,0.1916264209980562,5610596.245714285,5420454.689333334,5127940.311333333,292514.3780000001
2013-07-25,6342757.31,4978292.65,1364464.6599999992,0.21512168814165133,5621628.234285714,5407583.696333334,5089118.921666666,318464.77466666675
2013-07-26,6941436.71,5543496.22,1397940.4900000002,0.20139065562408626,5711727.835714286,5345055.649,4997562.307333333,347493.3416666667
2013-07-27,4353958.13,3499528.32,854429.81,0.19624208237390653,5739758.018571428,5231914.262,4865452.722666667,366461.5393333333
2013-07-28,6017516.42,4917333.26,1100183.1600000001,0.18283010518149947,5906877.478571428,5222986.335666667,4827914.328,395072.0076666667
2013-07-29,8158241.16,6599164.67,1559076.4900000002,0.19110448679112108,6225741.872857143,5176727.281666666,4742299.222333333,434428.0593333334
2013-07-30,7711378.77,7073525.07,637853.6999999993,0.08271590840297932,6693541.942857142,5188029.287666667,4739769.059,448260.22866666666
2013-07-31,10104475.36,10851542.12,-747066.7599999998,-0.07393424531048585,7089966.265714286,5312849.648666667,4893212.465000001,419637.1836666667
2013-08-01,10998208.4,12167214.07,-1169005.67,-0.10629055455977719,7755030.707142858,5439152.251,5067872.254666667,371279.9963333334
2013-08-02,7422715.15,9601836.11,-2179120.959999999,-0.2935746443132738,7823784.7700000005,5418620.068333333,5125620.085999999,292999.98233333335
2013-08-03,5599602.67,7786528.35,-2186925.6799999997,-0.3905501530879154,8001733.990000001,5521229.642666667,5304895.198333333,216334.4443333334
2013-08-04,5021938.29,7089757.76,-2067819.4699999997,-0.41175724403415553,7859508.542857143,5605490.664000001,5460151.324666667,145339.33933333345
2013-08-05,2231563.34,3064145.21,-832581.8700000001,-0.3730935416782748,7012840.282857142,5598130.361,5484562.848,113567.51300000006
2013-08-06,2493225.51,3592496.3,-1099270.79,-0.44090307338464546,6267389.817142857,5582630.711,5505946.303666666,76684.40733333341
2013-08-07,2638845.23,3381813.66,-742968.4300000002,-0.2815505894599208,5200871.227142857,5584862.179333333,5536973.533333333,47888.64600000006
2013-08-08,3065089.0,4223344.7,-1158255.7000000002,-0.3778864822522283,4067568.455714286,5532870.968333334,5524661.058333334,8209.910000000056
2013-08-09,2598855.08,3418548.13,-819693.0499999998,-0.3154054476942977,3378445.5885714283,5490990.983,5512019.402333333,-21028.419333333273
2013-08-10,1776113.02,2320738.01,-544624.9899999998,-0.30663870140426075,2832232.7814285713,5357350.7299999995,5401841.473666666,-44490.7436666666
2013-08-11,2074476.53,2834815.33,-760338.8,-0.3665208012741412,2411166.8157142857,5224723.257333334,5300103.653,-75380.3956666666
2013-08-12,1933036.01,2566277.36,-633241.3499999999,-0.3275890085461987,2368520.0542857144,5150447.747333334,5252465.051333333,-102017.30399999993
2013-08-13,2531884.21,3266499.42,-734615.21,-0.2901456579643506,2374042.725714286,5085440.480333333,5214043.143000001,-128602.66266666658
2013-08-14,2791478.67,3740726.27,-949247.6000000001,-0.34005189084966214,2395847.5028571426,5032248.424,5198090.350666666,-165841.9266666666
2013-08-15,3665019.45,4896607.22,-1231587.7699999996,-0.33603853589371796,2481551.8528571427,5007381.392666667,5223469.137666667,-216087.74499999994
2013-08-16,3619170.1,4661015.06,-1041844.9599999995,-0.2878684701777348,2627311.1414285717,4978838.607999999,5232982.618666667,-254144.01066666655
2013-08-17,3066137.96,4129676.85,-1063538.8900000001,-0.34686596098239497,2811600.4185714284,4872192.093666667,5165179.961999999,-292987.86833333323
2013-08-18,2385617.18,2947242.18,-561625.0,-0.2354212589968018,2856049.0828571427,4741354.683,5064723.751,-323369.0679999999
2013-08-19,2870843.18,3669528.41,-798685.23,-0.2782058022409987,2990021.5357142864,4698457.894,5054435.588666666,-355977.6946666666
2013-08-20,2730112.88,3528369.0,-798256.1200000001,-0.29238941944407815,3018339.9171428573,4627872.316666666,5028657.913,-400785.59633333323
2013-08-21,2707776.73,3591906.04,-884129.31,-0.32651484895506877,3006382.4971428574,4520591.8610000005,4980643.214666666,-460051.3536666666
2013-08-22,3821233.2,5275320.79,-1454087.5899999999,-0.3805283566572173,3028698.7471428574,4500073.691666666,5038075.560333333,-538001.8686666667
2013-08-23,3454696.96,4693020.59,-1238323.63,-0.358446383094626,3005202.584285714,4370913.420333333,4997010.304333333,-626096.8839999998
2013-08-24,2837188.07,4087795.83,-1250607.7600000002,-0.4407912796559871,2972495.4571428574,4254061.112333333,4967327.0770000005,-713265.9646666666
2013-08-25,3018860.44,3945685.24,-926824.8000000003,-0.30701147615820235,3062958.7800000003,4123308.57,4914066.710999999,-790758.1410000001
2013-08-26,3465971.03,4845153.03,-1379182.0000000005,-0.39792081008824837,3147977.044285714,4093709.0,4958920.868,-865211.868
2013-08-27,3008572.56,3950990.04,-942417.48,-0.3132440588369921,3187756.9985714285,3993410.871333333,4926709.4273333335,-933298.556
2013-08-28,3749158.5,4845899.79,-1096741.29,-0.29252998772924643,3336525.8228571424,3846441.4493333334,4868267.264666666,-1021825.8153333333
2013-08-29,6385124.62,8251851.88,-1866727.2599999998,-0.2923556502175207,3702796.0257142857,3802232.977666667,4907544.825,-1105311.8473333332
2013-08-30,5499141.72,7247803.25,-1748661.5300000003,-0.3179880823293276,3994859.5628571426,3648721.8563333335,4787420.1959999995,-1138698.3396666667
2013-08-31,6810100.27,8325085.12,-1514984.8500000006,-0.2224614601746533,4562418.448571428,3509118.252,4659349.231000001,-1150230.9789999998
2013-09-01,6018993.92,6937336.62,-918342.7000000002,-0.15257411989543931,4991008.945714286,3462327.544333333,4570532.581333334,-1108205.037
2013-09-02,5386759.65,5986639.99,-599880.3399999999,-0.11136200220108201,5265407.32,3455232.777,4510536.302666667,-1055303.5256666667
2013-09-03,4126941.12,3701795.41,425145.70999999996,0.10301714941840506,5425174.257142857,3425399.538,4397604.224333333,-972204.6863333335
2013-09-04,5401049.96,4808183.3,592866.6600000001,0.10976877910605369,5661158.7514285715,3531049.0919999997,4455738.827333334,-924689.7353333334
2013-09-05,3168900.6,2729766.04,439134.56000000006,0.13857631255458125,5201698.177142858,3553571.595,4426981.152,-873409.557
2013-09-06,2705040.33,2367475.06,337565.27,0.1247912152200703,4802540.835714286,3555778.0983333336,4393169.865333334,-837391.7670000001
2013-09-07,2468479.29,2187848.67,280630.6200000001,0.11368562869328351,4182309.2671428574,3535891.1080000005,4325319.997666667,-789428.8896666666
2013-09-08,3056823.21,2611808.27,445014.93999999994,0.14558085614640434,3759142.022857143,3551156.7123333337,4298428.669,-747271.9566666668
2013-09-09,3771227.87,3399993.99,371233.8799999999,0.09843846428722958,3528351.768571429,3617660.540666667,4334403.868333334,-716743.3276666666
2013-09-10,5357130.97,4737093.81,620037.1600000001,0.11574052668717938,3704093.1757142856,3727082.355333334,4397813.151,-670730.7956666666
2013-09-11,4636476.74,4075727.91,560748.8300000001,0.1209428756888361,3594868.4299999997,3817197.0463333335,4448128.169333334,-630931.123
2013-09-12,3865949.23,3502787.78,363161.4500000002,0.0939384943759337,3694446.805714286,3861665.8803333333,4456004.448,-594338.5676666667
2013-09-13,3034568.95,2783517.1,251051.8500000001,0.08273064614333449,3741522.322857143,3869768.889666667,4424097.475666666,-554328.5859999999
2013-09-14,3664631.38,3289032.18,375599.1999999997,0.10249303710322967,3912401.192857143,3869755.9540000004,4370511.641,-500755.68700000003
2013-09-15,3078369.62,2753095.6,325274.02,0.10566438087444484,3915479.2514285715,3851729.2713333336,4306914.325666667,-455185.05433333345
2013-09-16,3927167.34,3489729.16,437438.1799999997,0.11138771081753794,3937756.318571429,3880430.2506666663,4285582.736,-405152.48533333343
2013-09-17,5410121.46,4728526.43,681595.0300000003,0.12598516226288203,3945326.3885714286,3981247.06,4344958.877666667,-363711.8176666667
2013-09-18,4460453.69,3992756.75,467696.9400000004,0.10485411855043839,3920180.238571428,4034234.077,4355733.155666667,-321499.07866666664
2013-09-19,2995364.48,2599191.98,396172.5,0.13226186751069438,3795810.9885714287,4043075.7970000003,4324760.588333333,-281684.7913333334
2013-09-20,3316913.08,3045593.87,271319.20999999996,0.0817987096604895,3836145.8642857145,4063380.342,4306550.182666667,-243169.84066666669
2013-09-21,3799564.88,3399323.86,400241.02,0.10533864603991182,3855422.0785714285,4062658.0646666666,4244016.951666666,-181358.88700000005
2013-09-22,3243304.2,2980813.06,262491.14000000013,0.08093324702628885,3878984.161428571,4055611.6393333334,4186943.3673333335,-131331.72800000003
2013-09-23,4426354.9,3977701.82,448653.08000000054,0.10135949107921746,3950296.6699999995,4108583.867,4183273.567,-74689.7
2013-09-24,4673257.46,4051335.39,621922.0699999998,0.13308106290381866,3845030.384285714,4163730.4343333333,4186795.2386666667,-23064.80433333333
2013-09-25,4851490.55,4336304.71,515185.83999999985,0.1061912487905392,3900892.792857143,4209914.418333333,4169833.628,40080.790333333345
2013-09-26,4120039.5,3761711.17,358328.3300000001,0.08697206179698036,4061560.652857143,4246963.316333333,4163524.332333334,83438.98400000001
2013-09-27,4676571.41,4202205.54,474365.8700000001,0.10143454005335077,4255797.5571428565,4277877.08,4142067.857333333,135809.2226666667
2013-09-28,7035889.97,6246182.51,789707.46,0.11223988200031502,4718129.712857143,4299569.258333334,4075212.211666667,224357.0466666667
2013-09-29,5087376.98,4359895.07,727481.9100000001,0.14299744502126518,4981568.681428572,4285843.767,3978948.6056666668,306895.16133333335
2013-09-30,5768935.23,5117966.77,650968.4600000009,0.11284031351483917,5173365.871428572,4251138.265666666,3872044.660666667,379093.6050000001
2013-10-01,5389130.81,4591599.54,797531.2699999996,0.14798884980117966,5275633.492857143,4230142.8286666665,3793853.4246666664,436289.40400000004
2013-10-02,5393969.29,4651419.05,742550.2400000002,0.13766304553802905,5353130.455714285,4230383.15,3749346.06,481037.09
2013-10-03,2026611.74,1672946.51,353665.23,0.17451059964746873,5054069.3471428575,4160372.1706666667,3681717.7633333337,478654.4073333334
2013-10-04,2912944.43,2284930.64,628013.79,0.21559415398803197,4802122.635714286,4077435.319666667,3597609.341333333,479825.9783333334
2013-10-05,2463961.82,1952842.64,511119.17999999993,0.20743794642077693,4148990.042857143,4053937.3603333333,3571711.8946666666,482225.4656666667
2013-10-06,2875234.12,2170808.86,704425.2600000002,0.24499753084454917,3832969.6342857145,4059610.4866666663,3565156.3546666666,494454.1320000001
2013-10-07,2084519.3,1674894.34,409624.95999999996,0.19650811580396496,3306624.5014285715,4046811.820333333,3548057.877,498753.9433333334
2013-10-08,2982770.86,2404722.52,578048.3399999999,0.19379575808246963,2962858.7942857146,4044343.408666667,3541155.018666667,503188.39
2013-10-09,3524600.98,2822967.5,701633.48,0.199067492740696,2695806.1785714286,4036122.512333333,3521920.802333333,514201.7100000001
2013-10-10,4018321.34,3267316.51,751004.8300000001,0.18689516503426282,2980336.1214285716,3991495.5246666665,3472928.225666667,518567.29900000006
2013-10-11,1938342.36,1556262.82,382079.54000000004,0.1971166435221485,2841107.2542857146,3901557.712,3388946.056,512611.6560000001
2013-10-12,3170838.37,2562812.71,608025.6600000001,0.1917554883127014,2942089.618571428,3878387.35,3357613.553666667,520773.79633333336
2013-10-13,3719451.39,2946745.46,772705.9300000002,0.20774728554793673,3062692.0857142853,3901216.7646666667,3363054.499,538162.2656666668
2013-10-14,3097590.81,2398025.79,699565.02,0.22584165014358368,3207416.5871428573,3882315.4123333334,3333354.2860000003,548961.1263333334
2013-10-15,4062456.23,3281418.54,781037.69,0.1922575027965286,3361657.354285714,3915118.299333333,3350965.0506666666,564153.2486666668
2013-10-16,4801027.51,3944302.72,856724.7899999996,0.17844613225305173,3544004.001428571,3944246.9716666667,3366117.5026666666,578129.4690000002
2013-10-17,3348412.32,2713865.33,634546.9899999998,0.1895068257304703,3448302.7128571426,3875523.3336666664,3298962.1326666665,576561.201
2013-10-18,3238854.55,2560313.88,678540.6699999999,0.209500198148756,3634090.1685714284,3834803.3623333336,3251214.037,583589.3253333333
2013-10-19,3376648.2,2769325.22,607322.98,0.1798597141390092,3663491.572857143,3847512.8196666664,3256885.1450000005,590627.6746666667
2013-10-20,2888479.98,2302148.44,586331.54,0.20298964994038146,3544781.3714285716,3833231.716333333,3232103.6306666667,601128.0856666669
2013-10-21,3409990.75,2751364.44,658626.31,0.19314606938449908,3589409.9342857143,3820245.912,3210504.9833333334,609740.9286666666
2013-10-22,3932052.89,3189287.97,742764.9199999999,0.1889000328273814,3570780.8857142855,3843204.2016666667,3217454.147,625750.0546666667
2013-10-23,4895108.72,3861527.06,1033581.6599999997,0.21114580270241673,3584221.0585714285,3858829.3289999994,3213581.6550000003,645247.674
2013-10-24,4333852.18,3403031.49,930820.6899999995,0.21477905829266183,3724998.181428571,3847515.819666667,3191971.525,655544.2946666667
2013-10-25,3503713.92,2743366.59,760347.3300000001,0.21701181870465044,3762835.2342857146,3802589.9320000005,3138873.5876666666,663716.3443333333
2013-10-26,2923604.47,2331573.03,592031.4400000004,0.2025005249769646,3698114.7014285713,3762708.7643333334,3091202.316333333,671506.4480000001
2013-10-27,2949737.88,2365410.99,584326.8899999997,0.1980945134013059,3706865.8299999996,3705147.646666667,3029975.831333333,675171.8153333333
2013-10-28,3235799.73,2588267.2,647532.5299999998,0.20011514433249544,3681981.3985714284,3578477.972,2908045.321,670432.6510000001
2013-10-29,5981959.98,4833162.34,1148797.6400000006,0.19204368532067653,3974825.2685714285,3608297.405333333,2923820.896666667,684476.5086666667
2013-10-30,6960811.52,5563340.73,1397470.789999999,0.2007626245854735,4269925.668571428,3648026.615,2938666.695333333,709359.9196666667
2013-10-31,5649038.29,4525813.51,1123224.7800000003,0.19883469049738026,4457809.398571429,3656690.1976666665,2936473.827666667,720216.3699999999
2013-11-01,4823330.61,3780905.84,1042424.7700000005,0.21612135975891572,4646326.068571428,3637668.908333333,2907456.720666667,730212.1876666668
2013-11-02,4871579.51,3874376.58,997202.9299999997,0.20469807132430437,4924608.217142857,3732501.1673333333,2980837.7229999998,751663.4443333334
2013-11-03,2310551.56,1894570.42,415981.14000000013,0.18003542842385223,4833295.885714286,3712421.4050000003,2967825.7156666666,744595.6893333332
2013-11-04,2638652.15,2128739.96,509912.18999999994,0.193247219039463,4747989.088571428,3718244.4159999997,2973688.959666667,744555.4563333333
2013-11-05,3529966.51,2818098.89,711867.6199999996,0.20166412853588225,4397704.3071428565,3740068.8290000004,2995265.294,744803.535
2013-11-06,2440647.75,1890461.99,550185.76,0.22542612304458928,3751966.6257142858,3751939.777333333,3002450.882333333,749488.8949999999
2013-11-07,2145217.46,1755584.37,389633.08999999985,0.18162871469449995,3251420.792857143,3724021.3306666664,2980812.944,743208.3866666666
2013-11-08,2200221.02,1790704.8,409516.22,0.1861250375655442,2876690.851428571,3679875.3320000004,2946404.1873333333,733471.1446666666
2013-11-09,2018930.67,1594615.53,424315.1399999999,0.2101682570407432,2469169.588571429,3613228.9763333336,2890647.488,722581.4883333333
2013-11-10,2722218.97,2099682.78,622536.1900000004,0.22868703688447237,2527979.2185714287,3639358.196666667,2908761.486666667,730596.7099999998
2013-11-11,3495969.18,2676318.51,819650.6700000004,0.23445591988885908,2650453.0800000005,3650195.890333333,2912545.013333333,737650.877
2013-11-12,5162437.56,3979066.87,1183370.6899999995,0.22922711921381564,2883663.23,3698295.4293333334,2946955.727,751339.7023333332
2013-11-13,4681263.25,3622930.35,1058332.9,0.22607848426383625,3203751.1585714286,3751084.5106666666,2987785.8789999997,763298.6316666666
2013-11-14,3118904.74,2460188.52,658716.2200000002,0.21120113466498505,3342849.3414285714,3719632.7943333336,2960411.5450000004,759221.2493333332
2013-11-15,3370811.62,2719077.99,651733.6299999999,0.19334620366592895,3510076.57,3671958.9313333333,2919570.720666667,752388.2106666665
2013-11-16,3365890.12,2733920.22,631969.8999999999,0.18775713926157514,3702499.3485714286,3672541.524666667,2920239.217,752302.3076666667
2013-11-17,2416530.15,1906202.04,510328.10999999987,0.21118218202243405,3658829.517142857,3645130.711333333,2898435.489,746695.2223333332
2013-11-18,2109164.6,1778409.36,330755.24,0.1568181260011665,3460714.577142857,3602881.2580000004,2865404.9603333334,737476.2976666667
2013-11-19,3237660.32,2746026.34,491633.98,0.15184853610585067,3185746.4,3614520.6026666667,2880200.890333333,734319.7123333332
2013-11-20,3321114.32,2983892.23,337222.08999999985,0.10153883832580622,2991439.41,3611558.055,2887951.816666667,723606.2383333333
2013-11-21,2595234.4,2362389.95,232844.44999999972,0.08972000756463452,2916629.3614285714,3566997.4386666664,2860388.5493333335,706608.8893333332
2013-11-22,2550262.64,2542345.82,7916.820000000298,0.003104315561788686,2799408.0785714285,3488835.9026666665,2816415.841333333,672420.0613333334
2013-11-23,2054330.57,2011741.48,42589.090000000084,0.020731371387809356,2612042.4285714286,3412851.849,2770039.507666667,642812.3413333333
2013-11-24,2519706.85,2537974.67,-18267.819999999832,-0.007249978306008031,2626781.957142857,3380051.613333333,2763193.1103333333,616858.503
2013-11-25,2406331.38,2358037.25,48294.12999999989,0.020069609032817372,2669234.354285714,3362809.177,2764075.251,598733.9260000001
2013-11-26,3107204.99,3083734.78,23470.21000000043,0.007553479759312702,2650597.8785714284,3368058.080666667,2788019.3773333337,580038.7033333334
2013-11-27,3123410.59,3027393.58,96017.00999999978,0.03074107845680314,2622354.488571428,3364311.776,2802656.9233333333,561654.8526666666
2013-11-28,3580033.44,3514991.8,65041.64000000013,0.018167886163655535,2763040.0657142857,3284247.558,2758717.905333333,525529.6526666667
2013-11-29,1768057.43,1773822.57,-5765.14000000013,-0.0032607198737883364,2651296.464285714,3111155.755,2632400.6333333333,478755.1216666667
2013-11-30,2685677.46,2672025.29,13652.169999999925,0.005083324488265217,2741488.8771428573,3012377.060666667,2570607.6926666666,441769.36799999996
2013-12-01,2391698.09,2420438.06,-28739.970000000205,-0.012016554313508778,2723201.911428571,2931322.6433333335,2525258.7666666666,406063.87666666665
2013-12-02,2263746.75,2226485.61,37261.14000000013,0.016459941908254592,2702832.6785714286,2844394.884666667,2470329.0676666666,374065.817
2013-12-03,1933337.47,1904782.57,28554.899999999907,0.014769744259909217,2535137.318571429,2831821.0816666665,2470669.472666667,361151.609
2013-12-04,2924599.17,2877557.67,47041.5,0.016084768293222213,2506735.687142857,2841352.6489999997,2495630.063,345722.586
2013-12-05,2231578.75,2246889.53,-15310.779999999795,-0.006860963342655864,2314099.302857143,2798073.0570000005,2476589.7509999997,321483.306
2013-12-06,1718341.54,1744505.5,-26163.959999999963,-0.015226286154963095,2306997.032857143,2773996.183333333,2471724.5346666663,302271.64866666665
2013-12-07,1444180.43,1408359.66,35820.77000000002,0.02480352818518668,2129640.314285714,2750628.2823333335,2460150.3776666666,290477.9046666667
2013-12-08,1714762.98,1677034.75,37728.22999999998,0.022002008697435245,2032935.2985714283,2734446.3476666664,2456361.376,278084.9716666667
2013-12-09,1959405.6,1928205.78,31199.820000000065,0.015923104435345118,1989457.9914285715,2732462.1786666666,2467481.051,264981.1276666667
2013-12-10,2256213.74,2198430.55,57783.19000000041,0.02561068970353864,2035583.172857143,2716928.6709999996,2470772.643333333,246156.0276666667
2013-12-11,3016597.65,3024225.14,-7627.4900000002235,-0.0025285075720987266,2048725.8128571429,2700949.62,2482369.5310000004,218580.089
2013-12-12,2988571.87,2946591.17,41980.700000000186,0.014047077275073256,2156867.6871428574,2628487.430333333,2447953.6743333335,180533.75600000002
2013-12-13,2131538.29,2083673.81,47864.47999999998,0.022455369544405406,2215895.794285714,2543496.5983333336,2396645.123,146851.47533333336
2013-12-14,2245758.87,2305729.18,-59970.310000000056,-0.026703806361900312,2330407.0,2514391.7360000005,2391496.478333333,122895.25766666669
2013-12-15,2154695.59,2095032.07,59663.519999999786,0.027689999588294413,2393254.515714286,2473854.5349999997,2370694.947666667,103159.58733333334
2013-12-16,2694197.04,2720062.14,-25865.100000000093,-0.009600300058231856,2498224.7214285717,2451464.7656666664,2370233.0116666663,81231.754
2013-12-17,3167410.81,3021649.06,145761.75,0.046019212140025495,2628395.7314285715,2476494.1210000003,2407414.5789999994,69079.542
2013-12-18,3189533.36,3219583.56,-30050.200000000186,-0.009421503589478113,2653100.832857143,2512506.413,2455453.7189999996,57052.694
2013-12-19,3062553.19,2981811.67,80741.52000000002,0.026364120062842084,2663669.5928571424,2506669.5086666667,2463313.23,43356.27866666667
2013-12-20,2500743.7,2516358.41,-15614.709999999963,-0.006244026526988736,2716413.2228571433,2479323.8213333334,2447728.7693333332,31595.05200000001
2013-12-21,3213344.27,3159953.94,53390.330000000075,0.016615191375059252,2854639.708571429,2499927.483666667,2474314.2356666666,25613.24800000002
2013-12-22,3476225.97,3458589.82,17636.150000000373,0.00507336121190084,3043429.762857143,2530792.9280000003,2504855.7023333334,25937.22566666669
2013-12-23,2932660.62,2856672.71,75987.91000000015,0.02591091157353221,3077495.9885714287,2560070.5963333333,2533020.0766666667,27050.519666666693
2013-12-24,2629786.52,2542278.8,87507.7200000002,0.033275598355413355,3000692.5185714285,2563739.918666667,2533163.547666667,30576.37100000003
2013-12-25,3807864.44,3711704.9,96159.54000000004,0.02525287901267831,3089025.5300000003,2610457.687333333,2578285.8026666665,32171.884666666698
2013-12-26,3278628.42,3269160.78,9467.64000000013,0.002887683136718534,3119893.4200000004,2616171.8016666668,2584466.669333333,31705.132333333357
2013-12-27,1853472.36,1854636.14,-1163.779999999795,-0.0006278917480052387,3027426.0857142857,2573840.527333333,2545374.7546666665,28465.772666666704
2013-12-28,3547336.16,3487806.62,59529.54000000004,0.016781476949170794,3075139.2128571426,2572750.618,2544468.5820000004,28282.036000000033
2013-12-29,6516622.75,6506519.56,10103.19000000041,0.0015503720849884106,3509481.61,2731036.128666667,2702225.148333333,28810.980333333384
2013-12-30,5792994.45,5695206.04,97788.41000000015,0.016880459811246695,3918100.728571429,2834613.3616666663,2802997.8400000003,31615.521666666726
2013-12-31,6247467.59,6080338.22,167129.3700000001,0.02675153853819354,4434912.3100000005,2963139.0116666663,2924994.512,38144.499666666736
2014-01-01,5743739.48,5563113.31,180626.17000000086,0.031447486542338934,4711465.887142858,3079138.7693333332,3036215.4353333334,42923.3340000001
2014-01-02,3787850.5,3666330.68,121519.81999999983,0.03208147206443333,4784211.898571429,3140955.8703333335,3094933.7056666664,46022.16466666676
2014-01-03,2354832.6,1871645.41,483187.1900000002,0.20518961305359887,4855834.79,3121963.651333333,3061403.297,60560.35433333343
2014-01-04,2243604.06,1747621.88,495982.18000000017,0.22106493246406417,4669587.3471428575,3122364.4949999996,3044761.0420000004,77603.45300000008
2014-01-05,2361866.5,1851453.14,510413.3600000001,0.21610593147411172,4076050.7399999998,3143815.327,3048325.9633333334,95489.36366666676
2014-01-06,2639202.87,2146455.69,492747.18000000017,0.1867030327986875,3625509.0857142853,3183649.408333333,3072929.1643333333,110720.24400000011
2014-01-07,3437125.39,2809411.95,627713.44,0.18262744845628107,3224031.6285714284,3241061.488666667,3110675.071,130386.41766666676
2014-01-08,2250519.73,1808614.16,441905.57000000007,0.19635711880650789,2725000.235714286,3250765.2929999996,3106688.6836666665,144076.60933333344
2014-01-09,2214274.18,1884156.18,330118.00000000023,0.14908632498257293,2500203.618571429,3249367.307666667,3096212.871333333,153154.43633333343
2014-01-10,1886360.71,1560748.05,325612.6599999999,0.17261420802175206,2433279.062857143,3211692.743,3047430.3016666668,164262.44133333344
2014-01-11,2550841.93,2031865.95,518975.9800000002,0.20345281841905435,2477170.1871428574,3197101.745,3016939.461,180162.2840000001
2014-01-12,2172729.29,1773388.32,399340.97,0.18379692851657556,2450150.5857142857,3198474.7783333333,3006596.6113333334,191878.1670000001
2014-01-13,2467719.52,1991302.84,476416.67999999993,0.19305949324419167,2425652.964285714,3205873.466666667,2996115.7333333334,209757.73333333342
2014-01-14,3356963.59,2731972.75,624990.8399999999,0.18617742589218844,2414201.2785714283,3245949.066666667,3017347.089333333,228601.97733333343
2014-01-15,3637788.72,2842296.43,795492.29,0.2186746815796383,2612382.562857143,3277402.1226666667,3021421.5656666663,255980.55700000012
2014-01-16,2005770.41,1635446.76,370323.6499999999,0.18462913210490522,2582596.31,3238680.776,2975214.8223333335,263465.95366666676
2014-01-17,2464459.86,2002144.2,462315.6599999999,0.18759309798618506,2665181.902857143,3214511.6593333334,2934633.5103333336,279878.14900000015
2014-01-18,1718246.3,1332157.65,386088.65000000014,0.22469924713354547,2546239.6700000004,3169701.429666667,2879645.0429999996,290056.3866666668
2014-01-19,2453121.94,1918965.99,534155.95,0.21774537225002355,2586295.762857143,3168114.0376666663,2859731.9623333337,308382.0753333334
2014-01-20,3133739.97,2422846.03,710893.9400000004,0.22685160441056007,2681441.541428571,3165460.5609999998,2835161.698666667,330298.86233333347
2014-01-21,3590697.9,2848601.86,742096.04,0.20667181162748335,2714832.1571428576,3169276.2920000004,2814828.7666666666,354447.5253333334
2014-01-22,3244854.06,2563525.38,681328.6800000002,0.20997205649365944,2658698.6342857145,3179682.74,2805057.1890000002,374625.5510000001
2014-01-23,3187811.81,2528375.63,659436.1800000002,0.20686170304388204,2827561.6914285715,3198283.583,2804593.7499999995,393689.83300000016
2014-01-24,1812010.8,1397879.36,414131.43999999994,0.2285479976167912,2734354.682857143,3131755.1283333334,2727466.232,404288.8963333334
2014-01-25,2221742.74,1777122.99,444619.75000000023,0.20012206723808185,2806282.7457142854,3096525.6056666668,2677731.639,418793.9666666668
2014-01-26,2002533.83,1553846.68,448687.15000000014,0.22405971039200878,2741913.0157142854,3101494.3213333334,2667705.3236666666,433788.9976666668
2014-01-27,2983790.31,2360438.19,623352.1200000001,0.20891284414687977,2720491.6357142855,3082709.459666667,2630126.376,452583.08366666676
2014-01-28,5411096.61,4320849.3,1090247.3100000005,0.2014836157212873,2980548.5942857144,3045858.5883333334,2557270.7006666665,488587.8876666668
2014-01-29,4892083.36,3928929.64,963153.7200000002,0.1968800711523444,3215867.0657142857,3015828.2186666667,2498394.8206666666,517433.3980000001
2014-01-30,3844256.32,3007196.76,837059.56,0.21774291054556946,3309644.8528571427,2935721.1763333334,2395956.772,539764.4043333334
2014-01-31,3732079.59,2938223.15,793856.44,0.2127115515240124,3583940.394285714,2868665.846666666,2308460.433333333,560205.4133333334
2014-02-01,3825094.63,3049434.19,775660.44,0.20278202633643078,3812990.6642857143,2869907.3176666666,2287897.217,582010.1006666668
2014-02-02,2382294.19,1885054.33,497239.85999999987,0.20872311324404477,3867242.1442857147,2870822.7040000004,2288344.1810000003,582478.523
2014-02-03,2051412.93,1563684.31,487728.6199999999,0.2377525328359902,3734045.3757142858,2864416.3329999996,2282212.9286666666,582203.4043333334
2014-02-04,2787111.54,2197609.21,589502.3300000001,0.21151013209898303,3359190.3657142855,2878591.1676666667,2293751.464333333,584839.7033333334
2014-02-05,2599325.56,2019260.92,580064.6400000001,0.22315967223436226,3031653.5371428574,2877261.924,2289511.6386666666,587750.2853333334
2014-02-06,2415914.42,1966150.9,449763.52,0.18616699179269772,2827604.694285714,2843221.558333333,2261402.937,581818.6213333333
2014-02-07,3381887.13,2654650.93,727236.1999999997,0.21503857817986957,2777577.1999999997,2880933.805,2289604.1626666663,591329.6423333333
2014-02-08,2907660.51,2328115.15,579545.3599999999,0.19931672146966012,2646515.1828571423,2904046.682666667,2304402.7950000004,599643.8876666666
2014-02-09,2947940.87,2410207.36,537733.5100000002,0.18240986970678288,2727321.8514285716,2939432.688,2332718.105333334,606714.5826666667
2014-02-10,3705563.44,2772562.54,933000.8999999999,0.25178381509506687,2963629.067142857,2977923.405,2357407.9916666667,620515.4133333333
2014-02-11,4637151.61,3649526.8,987624.8100000005,0.2129809186894367,3227920.5057142857,3060070.8156666667,2419945.9409999996,640124.8746666667
2014-02-12,3457342.17,2728834.4,728507.77,0.21071323987582058,3350494.307142857,3093058.237333333,2444530.3263333337,648527.9110000001
2014-02-13,3190217.92,2601375.48,588842.44,0.1845774974519609,3461109.0928571424,3087500.0483333333,2440177.0840000003,647322.9643333334
2014-02-14,2632487.0,2058838.35,573648.6499999999,0.2179112945287099,3354051.9314285717,3053989.9909999995,2414061.8146666666,639928.1763333335
2014-02-15,2873057.42,2155414.19,717643.23,0.2497838104467818,3349108.632857143,3082899.5579999997,2431394.062333333,651505.4956666667
2014-02-16,3990264.22,3220526.51,769737.7100000004,0.1929039450926386,3498011.968571428,3133759.703333333,2472006.8060000003,661752.8973333334
2014-02-17,3757742.25,3005221.34,752520.9100000001,0.20025878837219346,3505466.084285714,3201742.9016666664,2527775.595666667,673967.3060000001
2014-02-18,4902775.35,3900047.01,1002728.3399999999,0.20452259555396515,3543412.3328571427,3283398.0153333335,2593811.6296666665,689586.3856666668
2014-02-19,4469573.84,3530912.16,938661.6799999997,0.21001144932421562,3688016.8571428573,3327925.8109999998,2630747.1673333333,697178.6436666667
2014-02-20,3050037.65,2452045.97,597991.6799999997,0.19606042568031898,3667991.1042857138,3309903.8026666665,2617528.637666667,692375.1650000002
2014-02-21,3394380.68,2732646.22,661734.46,0.19494998421921253,3776833.058571428,3314888.023333333,2623165.999,691722.0243333335
2014-02-22,4262143.74,3402076.06,860067.6800000002,0.20179227460780103,3975273.9614285715,3350699.0876666666,2652289.346666666,698409.7410000002
2014-02-23,3997442.72,3186343.91,811098.81,0.20290442335593992,3976299.4614285715,3423546.8183333334,2711904.8316666665,711641.9866666667
2014-02-24,4743111.4,3834496.32,908615.0800000005,0.19156519916441356,4117066.482857143,3507592.440333334,2780483.9426666666,727108.4976666667
2014-02-25,6869199.08,5572490.58,1296708.5,0.18877142515426995,4397984.158571429,3669814.6153333336,2914438.739333333,755375.876
2014-02-26,7766238.39,6157127.45,1609110.9399999995,0.20719309132615996,4868936.237142858,3829229.5513333334,3040995.048,788234.5033333334
2014-02-27,5932389.78,4717814.02,1214575.7600000007,0.20473633814398498,5280700.827142858,3846605.9903333336,3054227.205333333,792378.785
2014-02-28,5511196.67,4511480.57,999716.0999999996,0.18139728263408164,5583103.111428572,3867243.100666667,3073645.569666667,793597.531
2014-03-01,4400079.49,3611872.46,788207.0300000003,0.17913472513197715,5602808.218571429,3885770.5396666666,3093801.426333333,791969.1133333333
2014-03-02,4943352.33,3968450.0,974902.3300000001,0.1972148179856725,5737938.162857143,3926146.297666667,3128142.3213333334,798003.9763333334
2014-03-03,3637156.46,2881941.03,755215.4300000002,0.20763897245157284,5579944.6,3919881.692,3122559.2159999995,797322.476
2014-03-04,4742209.79,3846248.96,895960.8300000001,0.18893319141834086,5276088.987142856,3998545.5453333333,3187932.3703333335,810613.175
2014-03-05,5310211.41,4366670.54,943540.8700000001,0.1776842383757373,4925227.99,4107172.1613333332,3281365.2446666667,825806.9166666666
2014-03-06,5506734.13,4454685.13,1052049.0,0.19104771996682543,4864420.04,4197826.247666667,3356601.108666667,841225.1390000001
2014-03-07,3167820.98,2582186.62,585634.3599999999,0.18486977758446435,4529652.084285715,4216776.095,3375365.2986666663,841410.7963333334
2014-03-08,3577664.95,2914921.51,662743.4400000004,0.1852446915131056,4412164.292857143,4255501.1126666665,3406990.985666667,848510.1270000001
2014-03-09,3828277.38,3070464.44,757812.94,0.19795141907925176,4252867.871428571,4270380.787666666,3420851.4359999998,849529.3516666668
2014-03-10,4725035.68,3759283.28,965752.3999999999,0.20439049890941774,4408279.188571429,4330959.96,3468557.040333333,862402.9196666668
2014-03-11,5775004.59,4559934.88,1215069.71,0.21040151415706493,4555821.302857143,4425195.417333334,3540214.6243333328,884980.7930000001
2014-03-12,6930320.53,5534691.64,1395628.8900000006,0.2013801358766303,4787265.462857143,4532687.320333334,3632285.5943333334,900401.7260000001
2014-03-13,5304893.97,4244468.26,1060425.71,0.19989574080026334,4758431.154285714,4554945.399,3652116.9763333336,902828.4226666667
2014-03-14,4544809.4,3647946.39,896863.0100000002,0.19733787075867257,4955143.785714285,4591194.306666668,3682754.0426666667,908440.2640000001
2014-03-15,4691387.16,3744464.98,946922.1800000002,0.20184268484036183,5114246.958571428,4641233.281333333,3720857.026,920376.2553333334
2014-03-16,5553669.8,4426899.92,1126769.88,0.20288744570301964,5360731.590000001,4738606.041333333,3799792.4116666666,938813.6296666667
2014-03-17,6623777.28,5406586.76,1217190.5200000005,0.1837607861114558,5631980.390000001,4863630.036666666,3908164.830666667,955465.2060000001
2014-03-18,5707570.51,4657479.17,1050091.3399999999,0.18398219315209124,5622346.95,4920873.579666668,3956063.2526666666,964810.327
2014-03-19,7282983.0,6147005.74,1135977.2599999998,0.15597692044592165,5672727.302857143,5038381.604666667,4060789.399333333,977592.2053333333
2014-03-20,6459634.76,5394910.61,1064724.1499999994,0.1648272989973197,5837690.272857143,5090276.918333334,4110618.1859999998,979658.7323333333
2014-03-21,4506741.28,3883392.78,623348.5000000005,0.13831468488468468,5832251.97,5091515.833000001,4122367.54,969148.293
2014-03-22,4682426.76,4390336.24,292090.51999999955,0.062380157762467504,5830971.912857143,5145928.803333333,4186977.2156666666,958951.5876666667
2014-03-23,5239607.0,4727286.58,512320.4199999999,0.09777840589952642,5786105.798571429,5207436.3473333325,4253465.227666667,953971.1196666666
2014-03-24,5516390.06,5135733.73,380656.32999999914,0.06900460733554421,5627907.624285714,5249244.558,4311253.816666666,937990.7413333333
2014-03-25,6858764.17,6248964.6,609799.5700000003,0.08890808240167271,5792363.861428572,5344621.939666668,4413341.1729999995,931280.7666666667
2014-03-26,7966063.19,7366934.0,599129.1900000004,0.07521019802505488,5889946.745714285,5452053.666,4531089.0956666665,920964.5703333333
2014-03-27,8330175.47,7600114.49,730060.9799999995,0.08764052841734432,6157166.847142856,5500752.879,4598676.559333334,902076.3196666667
2014-03-28,5747360.19,5214181.96,533178.2300000004,0.09276923881118375,6334398.12,5433456.939,4567245.043,866211.8960000001
2014-03-29,6857129.34,6302802.0,554327.3399999999,0.08083956310498876,6645069.917142856,5464281.591000001,4620077.975666667,844203.6153333334
2014-03-30,12784107.1,11757805.12,1026301.9800000004,0.08027951987354678,7722855.645714285,5706711.938666667,4861622.127333333,845089.8113333335
2014-03-31,12312523.89,11321960.71,990563.1799999997,0.0804516757774185,8693731.907142857,5970460.085333333,5118625.069,851835.0163333334
2014-04-01,12163891.23,11150883.99,1013007.2400000002,0.08327986668456917,9451607.201428572,6211144.715333333,5358039.535333334,853105.1799999999
2014-04-02,13046471.25,11843249.22,1203222.0299999993,0.09222585992361723,10177379.781428572,6524788.541666667,5656749.808333334,868038.7333333333
2014-04-03,9642469.77,8683847.27,958622.5,0.09941669747127452,10364850.395714287,6688130.540999999,5818003.085333333,870127.4556666667
2014-04-04,3027057.03,2762337.1,264719.9299999997,0.08745125294187131,9976235.658571428,6612025.395,5764525.304,847500.091
2014-04-05,4578612.03,4277766.79,300845.2400000002,0.0657066460378824,9650733.185714286,6581087.991666666,5758628.026,822459.9656666666
2014-04-06,4749333.13,4416528.48,332804.64999999944,0.07007397478559257,8502908.332857143,6633805.063333333,5819772.7546666665,814032.3086666666
2014-04-07,4614814.59,4275798.75,339015.83999999985,0.07346250502341414,7403235.5757142855,6668376.717999999,5865135.329333333,803241.3886666666
2014-04-08,6392830.04,5806623.81,586206.2300000004,0.0916974526668318,6578798.262857142,6753861.806666668,5956340.641666667,797521.1650000002
2014-04-09,6139037.72,5584747.6,554290.1200000001,0.09028941428299289,5592022.044285715,6800995.208000001,6017189.452333333,783805.7556666665
2014-04-10,5203589.72,4738923.88,464665.83999999985,0.08929717080000686,4957896.322857142,6781948.045666667,6023155.752333333,758792.2933333332
2014-04-11,5105964.56,4552400.07,553564.4899999993,0.10841526287444489,5254883.112857142,6721136.180000001,5990412.7,730723.48
2014-04-12,5687376.75,5248378.46,438998.29000000004,0.07718818522089292,5413278.072857142,6733885.606000001,6023876.373333333,710009.2326666667
2014-04-13,4945405.38,4494711.75,450693.6299999999,0.09113380913578412,5441288.394285714,6747238.805333333,6052101.885333333,695136.9199999999
2014-04-14,6921493.59,6054527.76,866965.8300000001,0.12525704441199953,5770813.965714285,6821575.686333333,6129103.978,692471.7083333334
2014-04-15,7871571.71,6776042.49,1095529.2199999997,0.13917540998937297,5982062.775714286,6898839.083333333,6207408.730333333,691430.353
2014-04-16,7912857.96,6785359.76,1127498.2000000002,0.14248937687237345,6235465.667142858,6941808.439333334,6253367.830333333,688440.6089999998
2014-04-17,5557754.18,4737292.06,820462.1200000001,0.1476247587474263,6286060.590000001,6936814.5616666665,6256028.260000001,680786.3016666665
2014-04-18,5700339.67,4462371.41,1237968.2599999998,0.21717447234157536,6370971.319999999,6884059.783999999,6199873.782333333,684186.0016666666
2014-04-19,6624958.05,5350753.37,1274204.6799999997,0.19233399976019466,6504911.505714285,6889570.560333333,6198401.874333334,691168.686
2014-04-20,6418388.34,5065177.85,1353210.4900000002,0.21083337721506584,6715337.642857142,6953292.129,6237794.71,715497.419
2014-04-21,8414591.83,6893636.69,1520955.1399999997,0.18075209953469598,6928637.39142857,7077697.631333333,6321238.058333334,756459.573
2014-04-22,10131097.46,8109722.27,2021375.1900000013,0.1995218383774191,7251426.784285714,7240747.3133333335,6433985.914666667,806761.3986666667
2014-04-23,8191044.84,6573636.73,1617408.1099999994,0.19746053667067942,7291167.7671428565,7329902.472666667,6481916.014666666,847986.4580000001
2014-04-24,6761050.63,5427294.9,1333755.7299999995,0.1972704839809785,7463067.26,7326645.354666666,6454527.024666667,872118.33
2014-04-25,7297129.72,5878423.04,1418706.6799999997,0.19441982456630905,7691180.124285715,7304347.572333333,6404909.992666666,899437.5796666666
2014-04-26,7473782.26,5884034.36,1589747.8999999994,0.21270995657826397,7812440.725714286,7275801.131999999,6347707.321666666,928093.8103333332
2014-04-27,9019804.81,7060147.55,1959657.2600000007,0.2172616039126905,8184071.65,7384882.619333332,6409239.508,975643.1113333332
2014-04-28,11814441.72,9367036.91,2447404.8100000005,0.20715365719371465,8669764.49142857,7550126.365333333,6511380.671666667,1038745.6936666666
2014-04-29,17347427.27,13752034.86,3595392.41,0.20725796131266905,9700668.75,7702237.037666666,6577854.996333334,1124382.0413333331
2014-04-30,13811054.06,10868835.13,2942218.9299999997,0.2130336263414785,10503527.209999999,7752188.043333334,6562750.810333333,1189437.2329999998
2014-05-01,13289875.45,10604429.39,2685446.0599999987,0.20206706000393695,11436216.469999999,7789720.850666666,6544535.657,1245185.1936666665
2014-05-02,9037359.63,7277515.81,1759843.8200000012,0.19472986492184124,11684820.742857143,7656083.796666666,6392344.543333333,1263739.2533333334
2014-05-03,8214103.42,6577016.62,1637086.7999999998,0.19930194645637903,11790580.908571428,7608471.585,6322116.855,1286354.73
2014-05-04,2887053.22,2293661.95,593391.27,0.20553527239792274,10914473.53857143,7603804.791333334,6306494.35,1297310.4413333335
2014-05-05,4251113.98,3397014.1,854099.8800000004,0.20091201600762543,9833998.147142857,7592888.189666667,6277135.927,1315752.2626666666
2014-05-06,5130961.6,4130431.51,1000530.0899999999,0.1949985534875178,8088788.765714287,7605609.138666668,6267599.361333334,1338009.7773333334
2014-05-07,6175024.0,5012292.24,1162731.7599999998,0.188295909457194,6997927.3285714295,7657616.119000001,6292149.144333334,1365466.9746666665
2014-05-08,6845994.59,5424944.1,1421050.4900000002,0.20757400131103526,6077372.92,7672721.603999999,6279426.487333333,1393295.1166666667
2014-05-09,3896896.85,3172234.57,724662.2800000003,0.18595880463194714,5343021.094285714,7597983.575,6199009.386333333,1398974.1886666666
2014-05-10,5476367.67,4341371.17,1134996.5,0.2072535243054636,4951915.987142856,7607076.173333333,6185757.629333334,1421318.544
2014-05-11,5960839.36,4817268.38,1143570.9800000004,0.19184730722218296,5391028.292857142,7635572.0,6194586.573,1440985.4270000001
2014-05-12,6171798.51,4876269.62,1295528.8899999997,0.20991107987418722,5665411.797142857,7651719.392,6182182.945000001,1469536.447
2014-05-13,6357034.06,5124302.35,1232731.71,0.19391617197029773,5840565.005714285,7698773.681333333,6203169.298333334,1495604.3830000001
2014-05-14,8953168.22,7238881.78,1714286.4400000004,0.1914726047669414,6237442.7514285715,7766496.169,6242647.765666666,1523848.4033333333
2014-05-15,7521179.22,5970183.39,1550995.83,0.2062171083326479,6333897.698571429,7754816.419333334,6215785.795666667,1539030.6236666667
2014-05-16,7254155.54,5828882.18,1425273.3600000003,0.19647681279246465,6813506.082857142,7732859.672,6183903.209666667,1548956.4623333334
2014-05-17,6473741.19,5173264.38,1300476.8100000005,0.20088489357727946,6955988.014285714,7763392.572333333,6198435.620333333,1564956.952
2014-05-18,7502869.16,6017924.93,1484944.2300000004,0.19791684998542616,7176277.985714286,7823476.888666666,6250287.4043333335,1573189.4843333333
2014-05-19,6717427.22,5373895.24,1343531.9799999995,0.20000692765228048,7254224.944285714,7826559.194333333,6251058.8,1575500.3943333335
2014-05-20,6998009.98,5565704.32,1432305.6600000001,0.20467328056025436,7345792.932857143,7845879.915666667,6267743.015666666,1578136.9
2014-05-21,9232803.8,7257287.25,1975516.5500000007,0.2139671320644765,7385740.872857143,7873153.648,6279864.701,1593288.9470000002
2014-05-22,8682669.79,6984588.89,1698080.8999999994,0.19557128637504015,7551668.0971428575,7824872.725666667,6242360.255,1582512.4706666667
2014-05-23,6481511.11,5117307.95,1364203.1600000001,0.21047609683106755,7441290.321428572,7767888.268,6193815.962333334,1574072.3056666667
2014-05-24,5624884.34,4535522.53,1089361.8099999996,0.19366830394240597,7320025.0571428565,7730016.058333334,6164090.216666667,1565925.8416666666
2014-05-25,7834743.41,6254562.47,1580180.9400000004,0.2016889204033295,7367435.664285714,7747936.514666666,6176628.1976666665,1571308.317
2014-05-26,7196331.6,5750840.38,1445491.2199999997,0.20086501016712457,7435850.5757142855,7738688.159333333,6172188.398333334,1566499.761
2014-05-27,11197544.52,8926851.08,2270693.4399999995,0.20278494414059267,8035784.081428571,7811279.483,6234411.849333333,1576867.633666667
2014-05-28,14237002.33,11276884.86,2960117.4700000007,0.20791718659499583,8750669.585714286,7892031.503333334,6298073.4476666665,1593958.0556666667
2014-05-29,12708438.64,10157319.36,2551119.280000001,0.20074214876171453,9325779.421428572,7737398.549,6178249.597666666,1559148.9513333335
2014-05-30,13573669.01,10729950.95,2843718.0600000005,0.2095025344956456,10338944.835714284,7729485.714,6173620.125,1555865.5890000004
2014-05-31,12424970.9,9985304.33,2439666.5700000003,0.19635189407163925,11310385.772857143,7700655.562333333,6152982.623,1547672.9393333336
2014-06-01,11536710.05,9170211.02,2366499.030000001,0.20512772009902433,11839238.15,7783967.243000001,6216072.463333334,1567894.7796666669
2014-06-02,10120772.07,8076952.84,2043819.2300000004,0.2019430154008004,12257015.36,7847522.864666667,6266070.337333334,1581452.5273333336
2014-06-03,7433951.35,5784897.37,1649053.9799999995,0.22182738389860457,11719359.192857143,7999086.135666667,6382444.851333334,1616641.2843333334
2014-06-04,6422990.57,5214120.6,1208869.9700000007,0.18820983104759573,10603071.798571428,8071482.022000001,6443015.068,1628466.9540000001
2014-06-05,4701261.04,3843536.1,857724.94,0.18244571673475932,9459189.284285715,8057158.67,6433451.887666667,1623706.7823333335
2014-06-06,4455750.46,3475184.85,980565.6099999999,0.22006744291510433,8156629.491428571,7999849.552,6382214.974666666,1617634.5773333337
2014-06-07,5291724.53,4145797.41,1145927.12,0.2165507885951879,7137594.295714286,7948040.55,6339576.751666666,1608463.7983333333
2014-06-08,5672479.42,4555972.93,1116506.4900000002,0.19682865416195733,6299847.062857143,8007226.635666667,6385701.363666667,1621525.272
2014-06-09,5745736.68,4655455.78,1090280.8999999994,0.18975476265647445,5674842.007142857,8016205.602666667,6396170.850666666,1620034.752
2014-06-10,8176131.42,6751336.8,1424794.62,0.17426268571402195,5780867.731428571,8090048.671333333,6460639.7979999995,1629408.8733333335
2014-06-11,6815089.25,5416132.65,1398956.5999999996,0.20527340856174403,5836881.828571429,8111491.6959999995,6478635.232333332,1632856.463666667
2014-06-12,6198469.27,4930278.7,1268190.5699999994,0.20459737957206964,6050768.718571429,8106206.203,6472167.777333333,1634038.4256666668
2014-06-13,5808360.57,4689299.84,1119060.7300000004,0.19266378464517406,6243998.734285714,8001379.281333333,6387181.712666666,1614197.5686666667
2014-06-14,6159350.48,4887308.6,1272041.8800000008,0.20652208120490015,6367945.298571428,7955984.989999999,6351085.886333333,1604899.103666667
2014-06-15,6251988.62,5001362.67,1250625.9500000002,0.2000365045450131,6450732.327142857,7922579.426,6323501.902666667,1599077.5233333334
2014-06-16,7506669.47,5993922.63,1512746.8399999999,0.2015203741213878,6702294.154285714,7957010.368666667,6350857.177666667,1606153.191
2014-06-17,7985873.38,6364228.97,1621644.4100000001,0.20306412747055103,6675114.434285715,7973110.509333333,6362400.645666667,1610709.863666667
2014-06-18,6928139.58,5573372.83,1354766.75,0.19554553345185346,6691264.481428572,7980134.254666667,6369049.898666666,1611084.356
2014-06-19,5160401.64,4101123.87,1059277.7699999996,0.2052704118588722,6542969.105714286,7918880.643333333,6320230.550333333,1598650.093
2014-06-20,5726955.46,4649863.18,1077092.2800000003,0.18807414996030025,6531339.8042857135,7802019.032000001,6233316.414666667,1568702.6173333335
2014-06-21,5534870.9,4397465.45,1137405.4500000002,0.20549809933236204,6442128.435714287,7697092.402333333,6147078.966666667,1550013.4356666666
2014-06-22,6871043.81,5449439.25,1421604.5599999996,0.20689790362434027,6530564.89142857,7710076.825666667,6158150.01,1551926.815666667
2014-06-23,7520898.79,6115811.37,1405087.42,0.18682440214037235,6532597.651428572,7773277.307333333,6210826.304666666,1562451.0026666669
2014-06-24,8318751.36,7165579.48,1153171.88,0.1386231935654343,6580151.64857143,7789410.905666667,6241193.538333332,1548217.3673333335
2014-06-25,7464560.81,6650267.82,814292.9899999993,0.10908786340237468,6656783.252857142,7798351.879333334,6271174.453,1527177.4263333336
2014-06-26,5465498.81,5160550.9,304947.9099999992,0.0557950738992109,6700368.562857143,7607283.688999999,6145631.113666667,1461652.5753333333
2014-06-27,6215342.27,5942103.5,273238.76999999955,0.04396198280485036,6770138.107142857,7339895.020333333,5967805.068333332,1372089.952
2014-06-28,6715989.51,6489880.35,226109.16000000015,0.03366728903660842,6938869.337142857,7140146.716,5845557.101333334,1294589.6146666666
2014-06-29,10967240.25,10676762.03,290478.22000000067,0.02648599040218898,7524040.257142857,7053265.757333334,5843784.1373333335,1209481.6199999999
2014-06-30,8960784.4,8779889.34,180895.06000000052,0.0201874135036661,7729738.201428571,6937792.874,5803603.637666667,1134189.2363333332
2014-07-01,9836345.7,9652958.13,183387.56999999844,0.018643871981847734,7946537.392857142,6881114.062333333,5819695.208000001,1061418.8543333332
2014-07-02,8037264.4,7829854.35,207410.05000000075,0.025806050377041315,8028352.191428572,6811663.806666667,5811458.591666667,1000205.215
2014-07-03,6599126.14,6280312.35,318813.79000000004,0.04831151628812479,8190298.952857142,6783836.299666667,5827972.424333333,955863.8753333333
2014-07-04,1539342.27,1546984.48,-7642.209999999963,-0.004964594391343494,7522298.952857143,6621048.023,5705734.553666666,915313.4693333333
2014-07-05,2247607.0,2088267.2,159339.80000000005,0.07089308762608412,6883958.5942857135,6539259.554999999,5647225.590333333,892033.9646666666
2014-07-06,2992177.47,2950653.66,41523.810000000056,0.013877455604262689,5744663.911428571,6490473.788666667,5629741.217333334,860732.5713333334
2014-07-07,3321041.63,3237780.91,83260.71999999974,0.025070664350569958,4938986.372857143,6424784.358666668,5599474.000666667,825310.3579999999
2014-07-08,4389991.98,4344681.53,45310.450000000186,0.010321305871725119,4160935.8414285714,6382034.777333333,5592430.954,789603.8233333334
2014-07-09,5089459.45,5002533.36,86926.08999999985,0.017079631118782142,3739820.8485714286,6360158.869666666,5604000.206666666,756158.663
2014-07-10,5277348.24,5193788.09,83560.15000000037,0.01583373811996162,3550995.4342857143,6263532.763666666,5552081.916333333,711450.8473333332
2014-07-11,3680744.54,3649066.92,31677.62000000011,0.008606307679261032,3856910.0442857146,6159054.606666666,5493179.725333333,665874.8813333332
2014-07-12,3635150.5,3488161.59,146988.91000000015,0.040435440018233126,4055130.5442857146,6073610.647666666,5445109.155,628501.4926666666
2014-07-13,4538183.38,4461396.49,76786.88999999966,0.01692018227786989,4275988.531428572,6031271.408000001,5437512.376666666,593759.0313333332
2014-07-14,4180514.48,4093927.18,86587.29999999981,0.02071211579680973,4398770.367142858,5965310.208000001,5411066.329333333,554243.8786666667
2014-07-15,4729914.86,4685468.3,44446.56000000052,0.009396904873674727,4447330.778571429,5914574.416,5400536.517000001,514037.899
2014-07-16,5725200.44,5688906.29,36294.15000000037,0.006339367569810424,4538150.92,5855192.115,5390369.3056666665,464822.80933333334
2014-07-17,5475110.93,5378778.65,96332.27999999933,0.017594580499211792,4566402.7328571435,5771500.033333333,5357520.961666667,413979.0716666666
2014-07-18,4518235.32,4447047.74,71187.58000000007,0.015755615845170292,4686044.272857144,5691169.891333333,5319976.792,371193.09933333326
2014-07-19,4203668.56,3770693.84,432974.71999999974,0.10299925263375183,4767261.138571429,5659278.788666667,5308962.457666666,350316.33099999995
2014-07-20,4322625.55,3600969.69,721655.8599999999,0.1669485019353573,4736467.162857143,5612467.791666667,5273999.3413333325,338468.45033333334
2014-07-21,4796649.21,3768111.9,1028537.31,0.21442829462194507,4824486.409999999,5587860.402,5253020.889666666,334839.51233333326
2014-07-22,6208113.76,5011530.91,1196582.8499999996,0.19274499409302057,5035657.681428571,5565762.733666667,5238423.944999999,327338.7886666666
2014-07-23,7566031.17,5950276.5,1615754.67,0.21355379507377842,5298633.5,5567267.146333334,5232906.115999999,334361.0303333333
2014-07-24,5905615.09,4674430.56,1231184.5300000003,0.20847693444917695,5360134.0942857135,5486829.270666665,5149867.818666667,336961.45199999993
2014-07-25,4437108.92,3571085.86,866023.06,0.195177327312488,5348544.608571428,5385914.207666666,5047228.42,338685.78766666667
2014-07-26,4875867.56,3838617.04,1037250.5199999996,0.2127314795236152,5444573.037142857,5366259.832666667,5003163.958000001,363095.87466666667
2014-07-27,4695097.96,3728682.43,966415.5299999998,0.2058350088184315,5497783.381428571,5315585.022333334,4929383.255666668,386201.76666666666
2014-07-28,5659848.32,4577648.87,1082199.4500000002,0.191206440316761,5621097.54,5280380.316000001,4865642.206333334,414738.10966666666
2014-07-29,8325936.32,6673852.31,1652084.0100000007,0.19842621256079948,5923643.62,5192336.8516666675,4732211.882333334,460124.9693333333
2014-07-30,9849002.97,7950504.57,1898498.4000000004,0.1927604657834721,6249782.448571429,5221944.1373333335,4704565.723333333,517378.414
2014-07-31,12499623.55,10113088.37,2386535.1800000016,0.19092856440464573,7191783.657142857,5310720.065666666,4719903.398,590816.6676666667
2014-08-01,10268362.3,8266400.63,2001961.6700000009,0.19496406647046344,8024819.854285715,5385089.995666667,4734454.940666666,650635.055
2014-08-02,9437585.35,7486465.1,1951120.25,0.20673934885261727,8676493.824285714,5479705.302666666,4774660.032333333,705045.2703333334
2014-08-03,8311634.97,6613684.99,1697949.9799999995,0.2042859180087404,9193141.96857143,5705448.392666668,4943550.049333334,761898.3433333334
2014-08-04,7920532.02,6253439.86,1667092.1599999992,0.21047729569054874,9516096.782857144,5894545.893333334,5082389.137999999,812156.7553333335
2014-08-05,4783590.74,3865614.98,917975.7600000002,0.19190098189712612,9010047.414285714,5954259.669,5112887.848666667,841371.8203333333
2014-08-06,5768372.14,4433911.0,1334461.1399999997,0.23134102786925945,8427100.152857143,6035837.352666666,5152758.8516666675,883078.501
2014-08-07,4368310.48,3451434.03,916876.4500000007,0.20989269288386309,7265484.0,6035114.636000001,5122983.9350000005,912130.701
2014-08-08,2772020.29,2220747.24,551273.0499999998,0.19887049600203316,6194577.998571428,5957866.664000001,5030257.731,927608.9330000001
2014-08-09,3001539.63,2354553.12,646986.5099999998,0.21555154679067148,5275142.895714286,5882006.377,4935616.565333334,946389.8116666668
2014-08-10,3823485.27,3003127.77,820357.5,0.21455751547854138,4633978.6528571425,5886764.401333334,4914085.260333333,972679.1410000002
2014-08-11,4332284.65,3523421.42,808863.2300000004,0.18670592893751808,4121371.885714286,5910002.206333335,4915260.5879999995,994741.6183333335
2014-08-12,4968367.41,3950793.43,1017573.98,0.20481053352694784,4147768.5528571424,5924341.674,4898240.4860000005,1026101.1880000002
2014-08-13,5893608.69,4708354.21,1185254.4800000004,0.201108445155357,4165659.488571428,5981444.814333334,4918721.387,1062723.4273333335
2014-08-14,5049141.59,3986642.15,1062499.44,0.2104316983513231,4262921.0757142855,5992085.705333333,4895427.181999999,1096658.5233333334
2014-08-15,4964547.64,3886890.99,1077656.6499999994,0.21707046203307245,4576139.268571428,5966730.612,4835360.005333333,1131370.6066666667
2014-08-16,4183136.08,3312917.75,870218.3300000001,0.20803012700461804,4744938.761428571,5923664.7836666675,4766497.975333333,1157166.8083333333
2014-08-17,4553293.21,3569236.73,984056.48,0.2161197257929278,4849197.038571429,5924833.379999999,4737237.608333333,1187595.7716666667
2014-08-18,3852897.93,3032853.62,820044.31,0.2128383167420166,4780713.221428571,5913141.025666666,4712642.934333334,1200498.0913333334
2014-08-19,5491853.95,4329773.16,1162080.79,0.21160081833567332,4855497.012857144,5952115.305666667,4736936.383333334,1215178.9223333334
2014-08-20,6252896.94,5003338.92,1249558.0200000005,0.19983665683125754,4906823.9057142865,6000656.8966666665,4778110.617333334,1222546.2793333335
2014-08-21,5420386.94,4272987.79,1147399.1500000004,0.2116821479169161,4959858.955714285,5974399.336,4753492.513333334,1220906.8226666667
2014-08-22,3980335.94,3221586.25,758749.69,0.1906245355762609,4819257.284285715,5854876.161666666,4662536.171666667,1192339.99
2014-08-23,3604919.44,2824202.4,780717.04,0.21656989927075876,4736654.907142857,5778186.306666668,4600861.899666667,1177324.4070000004
2014-08-24,3975022.95,3208598.81,766424.1400000001,0.1928099911976609,4654044.87,5762783.441,4588778.998,1174004.4430000002
2014-08-25,4982068.72,3931111.8,1050956.92,0.2109478971618842,4815354.9828571435,5766323.479666666,4591862.156666667,1174461.323
2014-08-26,5315751.01,4151656.84,1164094.17,0.2189895967305662,4790197.42,5787011.914666668,4605961.303666666,1181050.6110000003
2014-08-27,7880420.55,6267001.76,1613418.79,0.20473765070824806,5022700.792857142,5861030.988999999,4662273.066666666,1198757.9223333334
2014-08-28,13900846.53,11188888.43,2711958.0999999996,0.19509301783507998,6234195.0200000005,6046861.329333333,4812774.270666667,1234087.0586666667
2014-08-29,12683009.27,10136587.4,2546421.869999999,0.2007742654594779,7477434.067142857,6141328.206,4885643.698333334,1255684.5076666668
2014-08-30,11574198.37,9088009.4,2486188.969999999,0.21480442018724438,8615902.485714285,6110480.7,4851474.399333334,1259006.3006666666
2014-08-31,11951398.65,9415326.58,2536072.0700000003,0.2121987680496291,9755384.728571428,6166581.911666666,4889771.931,1276809.9806666665
2014-09-01,10306541.25,8432677.93,1873863.3200000003,0.1818130131677298,10516023.66142857,6195547.108333333,4921312.358666667,1274234.7496666664
2014-09-02,1980913.22,1699049.31,281863.9099999999,0.14228988284504454,10039618.262857141,5984523.049999999,4757491.169333334,1227031.8806666667
2014-09-03,2013419.84,1783705.47,229714.3700000001,0.11409163922811057,9201475.304285714,5787619.310666666,4608500.023,1179119.2876666668
2014-09-04,2079554.62,1858190.69,221363.93000000017,0.106447759472651,7512719.317142857,5697484.7733333325,4541585.88,1155898.8933333333
2014-09-05,3009749.32,2650108.54,359640.7799999998,0.1194919382854117,6130825.038571429,5605530.679333333,4482125.7979999995,1123404.8813333332
2014-09-06,2651615.67,2379303.77,272311.8999999999,0.10269659478969662,4856170.367142857,5548307.518999999,4446388.122666667,1101919.3963333333
2014-09-07,3257294.39,2733813.81,523480.5800000001,0.16071024516761595,3614155.4728571433,5564483.322333333,4463490.341666667,1100992.9806666668
2014-09-08,3789247.34,3234658.91,554588.4299999997,0.1463584665338842,2683113.4857142856,5590740.246,4492827.201333333,1097913.0446666668
2014-09-09,3050893.58,2636295.62,414597.95999999996,0.13589394357046042,2835967.822857143,5564987.189666667,4480599.4629999995,1084387.7266666666
2014-09-10,2734213.18,2344334.17,389879.01000000024,0.14259276228051837,2938938.3000000003,5511718.140666666,4441296.554666666,1070421.586
2014-09-11,3603376.76,3063452.95,539923.8099999996,0.14983828946046698,3156627.1771428576,5466218.452333333,4411718.5386666665,1054499.9136666665
2014-09-12,3387921.49,2941397.85,446523.64000000013,0.13179869761385765,3210651.772857143,5382695.545666667,4352819.993333334,1029875.5523333332
2014-09-13,4488375.88,3882301.0,606074.8799999999,0.1350321132195372,3473046.088571429,5364003.355333333,4349341.955,1014661.4003333333
2014-09-14,4664595.04,4241668.09,422926.9500000002,0.09066745266701655,3674089.038571429,5354004.935333333,4361167.858333333,992837.077
2014-09-15,3434401.74,2989155.15,445246.5900000003,0.12964312963573105,3623396.81,5329047.124,4350375.7716666665,978671.3523333333
2014-09-16,3499018.93,3094674.95,404343.98,0.1155592433448195,3687414.717142857,5293904.648,4334557.045666667,959347.6023333333
2014-09-17,2159581.94,1891350.86,268231.07999999984,0.12420509499167226,3605324.54,5237460.781666667,4296506.9536666665,940953.828
2014-09-18,3245614.46,2827312.43,418302.0299999998,0.12888223020795878,3554215.6400000006,5162586.131999999,4246424.929333333,916161.2026666666
2014-09-19,3152106.06,2800614.8,351491.26000000024,0.11150997247852765,3520527.7214285717,5059226.436,4173000.7920000004,886225.6439999999
2014-09-20,3934660.56,3508771.25,425889.31000000006,0.1082404196005157,3441425.532857143,5009702.223333333,4147526.907333334,862175.316
2014-09-21,4973677.98,4472971.42,500706.5600000005,0.10067128632240088,3485580.238571428,5042813.624666666,4189239.746333333,853573.8783333333
2014-09-22,4691002.44,4096769.99,594232.4500000002,0.126674939440023,3665094.6242857142,5079016.391333333,4231658.666,847357.7253333332
2014-09-23,3267077.04,2950868.62,316208.4199999999,0.09678633718413936,3631960.068571429,5055418.1943333335,4223067.659666667,832350.5346666666
2014-09-24,3651189.03,3193891.83,457297.1999999997,0.12524610373295292,3845046.7957142857,5011055.538000001,4198493.660666667,812561.8773333333
2014-09-25,3991936.34,3513164.66,478771.6799999997,0.11993469815703517,3951664.207142857,4966928.382333334,4177210.588,789717.7943333333
2014-09-26,4802241.84,4364819.46,437422.3799999999,0.09108712026048232,4187397.89,4864322.425333334,4113804.5113333333,750517.914
2014-09-27,5922266.1,5104748.73,817517.3699999992,0.13804130989656124,4471341.538571429,4598369.744333333,3910999.8546666666,687369.8896666666
2014-09-28,6894981.49,6104020.61,790960.8799999999,0.11471544646597737,4745813.468571429,4405435.485,3776580.9616666664,628854.5233333333
2014-09-29,6358369.55,5385912.36,972457.1899999995,0.15294128193602707,4984008.7700000005,4231574.524333334,3653177.727,578396.7973333334
2014-09-30,5625701.93,4992117.65,633584.2799999993,0.11262315136557535,5320955.182857143,4020717.967,3505737.429333334,514980.5376666666
2014-10-01,4131059.59,3367707.8,763351.79,0.18478353395042652,5389508.119999999,3814868.578333333,3336905.091666667,477963.4866666666
2014-10-02,2166020.29,1638411.83,527608.46,0.24358426485469348,5128662.970000001,3821038.8140000002,3334883.842333333,486154.9716666666
2014-10-03,2713373.58,2209685.83,503687.75,0.1856315524381276,4830253.218571429,3844370.6053333334,3349083.1876666667,495287.41766666656
2014-10-04,3061013.56,2383424.37,677589.19,0.22136105466974798,4421502.855714286,3877085.903333334,3366590.977,510494.92633333325
2014-10-05,3514973.01,2703049.67,811923.3399999999,0.23098992159828843,3938644.501428571,3893926.6929999995,3368355.6813333337,525571.0116666666
2014-10-06,4584954.57,3714150.0,870804.5700000003,0.18992654271817577,3685299.5042857146,3958371.323,3412850.555666667,545520.7673333333
2014-10-07,3826571.36,3029706.85,796864.5099999998,0.2082450410646464,3428280.8514285716,3977347.222,3422713.6569999997,554633.565
2014-10-08,3298742.48,2595357.42,703385.06,0.2132282420542267,3309378.4071428576,3960997.0600000005,3401403.607333333,559593.4526666666
2014-10-09,2480246.09,1949299.28,530946.8099999998,0.21407021349240382,3354267.807142857,3941975.477,3378503.729333333,563471.7476666665
2014-10-10,3324677.65,2616526.38,708151.27,0.21299847520555867,3441596.9600000004,3961657.626,3387576.8030000003,574080.823
2014-10-11,3249272.4,2455378.82,793893.5800000001,0.24432964746199798,3468491.0799999996,3949854.1473333333,3367307.6653333334,582546.482
2014-10-12,3964814.61,3263898.52,700916.0899999999,0.17678407667086352,3532754.165714286,3969083.918,3378057.6876666667,591026.2303333333
2014-10-13,5257692.13,4155288.51,1102403.62,0.20967443371394212,3628859.5314285713,3994727.793,3387157.2713333336,607570.5216666666
2014-10-14,5353820.23,4242284.88,1111535.3500000006,0.20761536664446434,3847037.941428571,4017701.966,3387177.8310000002,630524.1349999999
2014-10-15,3174858.73,2517101.9,657756.8300000001,0.20717672373409826,3829340.262857143,4009050.5323333335,3371442.722666667,637607.8096666666
2014-10-16,3035433.21,2343522.12,691911.0899999999,0.22794475850120907,3908652.708571429,3993597.675,3346404.295,647193.3799999998
2014-10-17,3041887.24,2405340.07,636547.1700000004,0.2092606069119118,3868254.0785714285,4023007.8516666666,3363537.268666667,659470.583
2014-10-18,3295901.64,2641429.14,654472.5,0.19857161149991115,3874915.3985714284,4024684.091,3357341.1590000005,667342.9319999999
2014-10-19,3906454.96,3097527.04,808927.9199999999,0.20707468236111443,3866578.305714286,4049829.054333334,3367238.2336666663,682590.8206666667
2014-10-20,4406719.83,3563304.85,843414.98,0.19139292093366417,3745010.834285714,4065564.3633333337,3369056.0203333334,696508.3429999999
2014-10-21,4158469.93,3334418.16,824051.77,0.19816225291305642,3574246.5057142857,4038390.7616666663,3331104.245,707286.5166666667
2014-10-22,3185076.38,2622321.88,562754.5,0.1766847738828794,3575706.1700000004,3988193.2263333336,3281955.9746666667,706237.2516666667
2014-10-23,3397945.31,2701811.9,696133.4100000001,0.2048689270987708,3627493.612857143,3992555.502,3273654.0840000003,718901.418
2014-10-24,2910624.78,2393219.16,517405.61999999965,0.17776445234552002,3608741.8328571427,3967870.027,3246964.9949999996,720905.0319999999
2014-10-25,3710088.5,3052761.25,657327.25,0.1771729299718861,3667911.384285714,3958475.099,3231618.2146666665,726856.8843333332
2014-10-26,3332635.64,2620840.72,711794.9199999999,0.2135831806683793,3585937.195714286,3909488.2256666664,3173485.5900000003,736002.6356666667
2014-10-27,5247620.14,4151809.58,1095810.5599999996,0.20882048066840442,3706065.8114285716,3887000.027,3141720.9516666667,745279.0753333332
2014-10-28,6122484.1,4933576.08,1188908.0199999996,0.19418719601084788,3986639.264285714,3861250.114,3102706.134,758543.98
2014-10-29,6191276.35,4949513.22,1241763.13,0.200566581073384,4416096.4028571425,3855680.3406666666,3088159.496,767520.8446666667
2014-10-30,6250389.79,4894988.48,1355401.3099999996,0.2168506854034138,4823588.471428571,3876503.2693333332,3084921.857,791581.4123333333
2014-10-31,4687679.79,3734196.88,953482.9100000001,0.20340188594665085,5077453.472857143,3895057.276,3097138.1596666668,797919.1163333333
2014-11-01,4474322.51,3463929.06,1010393.4499999997,0.22582043376216074,5186629.76,3972000.683333333,3157988.7339999997,814011.9493333333
2014-11-02,3503909.61,2759213.27,744696.3399999999,0.21253297684240202,5211097.47,3998351.8843333335,3176306.315333334,822045.569
2014-11-03,2511155.37,1925980.79,585174.5800000001,0.23303001757314604,4820173.931428571,3980023.278,3161058.196,818965.0819999999
2014-11-04,1758772.81,1413005.18,345767.6300000001,0.19659596056639067,4196786.604285714,3921483.2713333336,3118056.713,803426.5583333332
2014-11-05,2080412.08,1649512.63,430899.4500000002,0.20712216302839395,3609520.2800000003,3837998.521666667,3049235.467333333,788763.0543333333
2014-11-06,2338580.92,1815525.82,523055.09999999986,0.22366345997554785,3050690.4414285715,3788398.8403333332,3008762.7663333337,779636.0739999999
2014-11-07,2391118.65,1914802.56,476316.08999999985,0.19920219768266198,2722610.2785714283,3758144.7126666666,2986077.604333333,772067.1083333332
2014-11-08,2603594.99,2058134.47,545460.5200000003,0.20950283054585236,2455363.4899999998,3762256.342666666,2989705.4439999997,772550.8986666666
2014-11-09,3896973.5,2948324.76,948648.7400000002,0.2434321762773086,2511515.4742857143,3781332.871,3000765.39,780567.481
2014-11-10,3578790.21,2955883.0,622907.21,0.17405524589271745,2664034.737142857,3792316.798,3017448.8626666665,774867.9353333334
2014-11-11,3265211.84,2544268.23,720943.6099999999,0.22079535580760357,2879240.312857143,3768996.705666667,2993461.1863333336,775535.5193333334
2014-11-12,2687977.35,2131053.41,556923.94,0.20719071163304256,2966035.3514285716,3683339.5463333335,2925986.6829999997,757352.8633333333
2014-11-13,3661668.42,2973473.14,688195.2799999998,0.18794582170277443,3155047.851428571,3626934.486,2883692.9583333335,743241.5276666667
2014-11-14,4104922.66,3206387.48,898535.1800000002,0.21889210940700163,3399876.9957142854,3657936.617,2906669.1443333332,751267.4726666666
2014-11-15,3332537.35,2666922.09,665615.2600000002,0.19973227306814736,3504011.618571429,3667840.088333333,2917449.1433333335,750390.9450000001
2014-11-16,3926705.12,3165100.53,761604.5900000003,0.1939551269385872,3508258.9928571433,3697334.017666667,2942774.4919999996,754559.5256666667
2014-11-17,3901928.25,3135379.39,766548.8599999999,0.19645385842243507,3554421.5700000003,3717534.904666667,2959239.500333333,758295.4043333333
2014-11-18,2299920.21,1777742.22,522177.99,0.22704178507131775,3416522.7657142854,3663983.746333333,2915246.673,748737.0733333331
2014-11-19,2365334.24,2037392.28,327941.9600000002,0.13864508214280963,3370430.8928571427,3595937.56,2864382.9206666662,731554.6393333334
2014-11-20,2712056.74,2364468.06,347588.68000000017,0.1281642359739126,3234772.0814285716,3547723.787,2832051.2506666663,715672.5363333332
2014-11-21,2642726.69,2469983.77,172742.91999999993,0.06536541241803553,3025886.942857143,3529645.4639999997,2826973.313666667,702672.1503333333
2014-11-22,2355839.63,2373102.5,-17262.87000000011,-0.007327693184276772,2886358.697142857,3494908.608,2816016.333666667,678892.2743333332
2014-11-23,2702782.41,2732923.6,-30141.189999999944,-0.011151911411174213,2711512.595714286,3487980.529,2827339.815,660640.714
2014-11-24,2994851.12,2989623.83,5227.290000000037,0.0017454256624282669,2581930.1485714284,3464139.2830000003,2825235.2343333336,638904.0486666667
2014-11-25,1951300.95,1961306.08,-10005.130000000121,-0.0051274151227160124,2532127.3971428573,3418094.793333334,2803250.746333333,614844.0469999999
2014-11-26,3005133.94,3070985.43,-65851.49000000022,-0.02191299666330354,2623527.354285714,3343345.2533333334,2767223.274666667,576121.9786666667
2014-11-27,4582936.62,4552287.3,30649.320000000298,0.006687703222044624,2890795.9085714286,3292027.0039999997,2754513.648666667,537513.3553333334
2014-11-28,3803816.23,3776489.22,27327.009999999776,0.0071841036337341084,3056665.8428571434,3212445.0,2715412.848666667,497032.15133333334
2014-11-29,3693923.36,3714680.69,-20757.330000000075,-0.005619317992563894,3247820.661428571,3127229.452333333,2676069.2556666667,451160.19666666666
2014-11-30,4164373.0,4139199.1,25173.899999999907,0.006045063686658209,3456619.317142857,3109785.892666667,2689569.3296666667,420216.563
2014-12-01,3293606.72,3371041.49,-77434.77000000002,-0.023510630315935234,3499298.6885714284,3070428.6996666663,2686473.0773333334,383955.6223333333
2014-12-02,1913468.28,1934027.84,-20559.560000000056,-0.010744656817619184,3493894.021428571,3017413.9886666667,2658966.8963333336,358447.0923333334
2014-12-03,1725054.96,1639460.56,85594.3999999999,0.04961836114485298,3311025.595714286,2991210.6416666666,2649416.2220000005,341794.41966666665
2014-12-04,1490172.71,1377244.92,112927.79000000004,0.07578167902430587,2869202.18,2982257.305,2648224.213333333,334033.0916666667
2014-12-05,1855814.16,1814623.65,41190.51000000001,0.022195385124122564,2590916.1699999995,2974770.7076666662,2653727.914,321042.79366666666
2014-12-06,2498471.96,2457252.11,41219.85000000009,0.016498023856149298,2420137.3985714284,2980100.4090000005,2675118.790333333,304981.6186666667
2014-12-07,2209128.82,2214964.0,-5835.180000000168,-0.00264139417637047,2140816.8014285713,2974034.081333333,2685124.171666667,288909.9096666667
2014-12-08,3029845.63,2938276.72,91568.90999999968,0.030222302117748383,2103136.645714286,2988242.4359999998,2714462.246666667,273780.18933333334
2014-12-09,3265900.4,3069037.78,196862.6200000001,0.0602782068920412,2296341.2342857146,2967206.666,2718486.014,248720.65199999994
2014-12-10,2659858.85,2559688.79,100170.06000000006,0.037659915675600626,2429884.647142857,2936575.6206666664,2705279.5403333334,231296.08033333335
2014-12-11,2499031.03,2479880.93,19150.099999999627,0.0076630100907549075,2574007.2642857144,2911036.2603333327,2703133.297,207902.96333333332
2014-12-12,2451281.84,2348048.7,103233.13999999966,0.04211394149601323,2659074.075714286,2903146.4099999997,2710366.4733333336,192779.93666666662
2014-12-13,2618181.33,2655502.75,-37321.419999999925,-0.014254711685687533,2676175.4142857143,2868363.5069999998,2699767.4603333334,168596.04666666666
2014-12-14,2868448.18,2822169.24,46278.939999999944,0.01613378980407446,2770363.8942857147,2827147.691,2686960.1856666664,140187.5053333333
2014-12-15,3675108.42,3622573.69,52534.72999999998,0.01429474290176179,2862544.292857143,2838566.726666667,2718815.2389999996,119751.48766666664
2014-12-16,3587166.39,3452397.12,134769.27000000002,0.03756984074552505,2908439.4342857143,2827248.7690000003,2728391.7920000004,98856.97699999996
2014-12-17,2950563.8,2911687.56,38876.23999999976,0.013175868286596535,2949968.7128571426,2795536.620666667,2720935.397666667,74601.22299999995
2014-12-18,2684991.91,2614938.98,70052.93000000017,0.026090555334299,2976534.552857143,2808372.3439999996,2748841.9563333336,59530.387666666626
2014-12-19,3424258.6,3465424.79,-41166.189999999944,-0.012021927899954736,3115531.232857143,2843669.8226666665,2796443.04,47226.78266666662
2014-12-20,3898670.99,3764085.99,134585.0,0.03452073805284092,3298458.327142857,2883223.631,2843096.9710000004,40126.659999999945
2014-12-21,4372128.59,4286124.01,86004.58000000007,0.019671100295794382,3513269.8142857146,2940870.3610000005,2903634.979,37235.381999999954
2014-12-22,3430574.36,3435107.36,-4533.0,-0.0013213530809458975,3478336.3771428573,2976694.852,2939035.141,37659.71099999996
2014-12-23,2791569.02,2665014.26,126554.76000000024,0.04533463406897969,3364679.61,2979654.4056666666,2936771.496333333,42882.90933333329
2014-12-24,2610156.84,2591612.44,18544.399999999907,0.0071047071638805845,3316050.0442857146,2966831.263,2923504.45,43326.81299999996
2014-12-25,2573745.23,2584515.85,-10770.620000000112,-0.004184804258967043,3300157.6614285717,2987579.405666666,2944278.1089999997,43301.296666666625
2014-12-26,2922497.3,2877653.62,44843.6799999997,0.015344301601236622,3228477.4757142854,2984824.8510000003,2937833.7153333332,46991.135666666625
2014-12-27,3575283.76,3538078.72,37205.03999999957,0.01040617822178108,3182279.3000000003,2951236.422333333,2904026.7626666664,47209.6596666666
2014-12-28,8484445.21,8405135.96,79309.25,0.009347605887833883,3769753.1028571427,3107257.3883333337,3058314.9873333336,48942.40099999994
2014-12-29,7063840.79,6908131.26,155709.53000000026,0.0220431822614734,4288791.164285714,3219587.9693333334,3164763.3396666665,54824.62966666662
2014-12-30,5708142.92,5488862.89,219280.03000000026,0.03841530127630376,4705444.578571429,3271046.966666667,3209752.1326666665,61294.83399999996
2014-12-31,5625288.94,5528179.38,97109.56000000052,0.017263035025539598,5136177.735714286,3348769.7073333333,3281656.7290000003,67112.97833333332
2015-01-01,4576460.18,4315048.16,261412.01999999955,0.057121008316082314,5422279.871428572,3437536.1040000003,3361024.073,76512.03099999996
2015-01-02,1625420.31,1281805.11,343615.19999999995,0.21140082838019905,5236983.158571429,3434214.949,3349102.2246666667,85112.7243333333
2015-01-03,1176312.94,876576.96,299735.98,0.25480972775832933,4894273.041428572,3423752.9566666665,3332413.2926666667,91339.66399999996
2015-01-04,2651400.23,2169221.09,482179.14000000013,0.18185830058557403,4060980.9014285714,3450272.4923333335,3344233.2073333333,106039.28499999997
2015-01-05,2457539.39,1930809.0,526730.3900000001,0.21433243029321297,3402937.8442857144,3448908.0733333332,3326685.1036666664,122222.96966666664
2015-01-06,1621284.62,1301383.65,319900.9700000002,0.1973132700167107,2819100.944285714,3429313.2666666666,3296232.4253333337,133080.84133333332
2015-01-07,1981408.07,1560596.56,420811.51,0.2123800323474003,2298546.5342857144,3394365.348,3250309.7533333334,144055.59466666667
2015-01-08,1318438.15,1057739.56,260698.58999999985,0.19773289327224025,1833114.815714286,3329449.9396666666,3183266.479333333,146183.46033333332
2015-01-09,2144901.8,1679915.91,464985.8899999999,0.2167865633755354,1907326.4571428571,3312284.704666667,3153940.716666667,158343.98799999995
2015-01-10,1830727.22,1385986.39,444740.8300000001,0.2429312380027867,2000814.2114285715,3290007.9110000003,3117477.565333334,172530.34566666663
2015-01-11,3254430.17,2604455.39,649974.7799999998,0.19971999583570718,2086961.3457142855,3316779.522,3126024.455,190755.06699999998
2015-01-12,2427966.79,1902989.93,524976.8600000001,0.2162207745848122,2082736.6885714284,3310439.0373333334,3100940.694333333,209498.343
2015-01-13,2138729.21,1742327.89,396401.32000000007,0.1853443241652832,2156657.3442857144,3286115.0716666663,3064945.9826666666,221169.089
2015-01-14,2835456.9,2191456.13,644000.77,0.22712416118897805,2278664.32,3258126.6876666667,3017242.0640000002,240884.62366666665
2015-01-15,2047933.05,1631831.77,416101.28,0.20318109520230654,2382877.877142857,3206818.9096666663,2956556.5523333335,250262.35733333335
2015-01-16,2569213.44,2030636.7,538576.74,0.2096270911614101,2443493.825714286,3194107.2309999997,2927188.1903333333,266919.0406666667
2015-01-17,2588700.22,2035239.72,553460.5000000002,0.2137986066227476,2551775.6828571423,3190897.508,2907864.8816666664,283032.6263333334
2015-01-18,3021302.7,2433685.6,587617.1000000001,0.19449130337056267,2518471.7585714287,3177465.6446666666,2873473.5753333336,303992.06933333335
2015-01-19,2851705.68,2258471.9,593233.7800000003,0.20802770221364508,2579005.8857142855,3142566.801,2823286.439,319280.362
2015-01-20,2455411.13,1957537.38,497873.75,0.20276594168570053,2624246.1599999997,3078676.2189999996,2745666.884666667,333009.33433333336
2015-01-21,2603856.87,2019373.54,584483.3300000001,0.2244683019001732,2591160.4414285715,3051118.9693333334,2698475.757333333,352643.21200000006
2015-01-22,2683523.21,2190572.01,492951.2000000002,0.18369552317007914,2681959.035714286,3047517.442333333,2682661.0156666664,364856.4266666667
2015-01-23,2703262.73,2149537.87,553724.8599999999,0.2048357541628963,2701108.9342857143,3050620.972,2667925.196666667,382695.77533333335
2015-01-24,4004609.82,3181968.24,822641.5799999996,0.20542365348342467,2903381.7342857146,3098316.4583333335,2687840.2763333335,410476.18200000003
2015-01-25,4665645.74,3747345.78,918299.9600000004,0.19682162152328359,3138287.882857143,3156421.4063333333,2716830.015,439591.3913333334
2015-01-26,4084367.08,3209020.3,875346.7800000003,0.214316383139588,3314382.368571429,3173390.8503333335,2705861.401,467529.44933333335
2015-01-27,3116141.82,2455632.77,660509.0499999998,0.21196373212564498,3408772.4671428576,2994447.4039999996,2507544.6279999996,486902.776
2015-01-28,4612174.41,3603868.33,1008306.0800000001,0.21861837614245816,3695674.9728571433,2912725.1913333335,2397402.5303333336,515322.6610000001
2015-01-29,5300109.93,4295752.25,1004357.6799999997,0.18949751859203415,4069473.075714286,2899124.091666667,2357632.1756666666,541491.916
2015-01-30,4336302.07,3457573.62,878728.4500000002,0.2026446580092609,4302764.409999999,2856157.862666667,2288611.983666667,567545.8790000001
2015-01-31,4195901.17,3269383.7,926517.4699999997,0.22081489350236524,4330091.745714285,2843472.5623333333,2253756.5016666665,589716.0606666667
2015-02-01,4977201.37,4063980.38,913220.9900000002,0.1834808202666713,4374599.6928571435,2955198.5976666664,2346495.677333333,608702.9203333333
2015-02-02,2901454.29,2325361.53,576092.7600000002,0.19855310558761213,4205612.151428571,3012703.3093333333,2394788.496333333,617914.813
2015-02-03,1779457.49,1427675.21,351782.28,0.19769074674551512,4014657.2471428565,2983638.551333333,2370070.3003333337,613568.251
2015-02-04,2496729.14,2129083.48,367645.66000000015,0.14725091885618002,3712450.7800000003,2984944.876333333,2376679.4496666663,608265.4266666666
2015-02-05,2500351.24,2064567.04,435784.2000000002,0.17428919306553112,3312485.2528571435,3014247.097,2402118.8959999997,612128.201
2015-02-06,3457294.9,2699578.13,757716.77,0.2191646335983662,3186912.8000000003,3063443.3246666663,2440084.948333333,623358.3763333333
2015-02-07,3570886.94,2952636.69,618250.25,0.17313632730136227,3097625.052857143,3138524.951,2503248.1859999998,635276.765
2015-02-08,4197082.23,3455113.24,741968.9900000002,0.17678209511754078,2986179.4614285715,3206930.9653333332,2562421.430333333,644509.5350000001
2015-02-09,4490187.64,3675813.84,814373.7999999998,0.18136743167374625,3213141.368571428,3295579.6459999997,2638749.012,656830.634
2015-02-10,2813867.9,2247526.75,566341.1499999999,0.20126785269486172,3360914.2842857144,3280894.237,2626851.3906666664,654042.8463333335
2015-02-11,3311241.3,2623112.64,688128.6599999997,0.2078159208753526,3477273.1642857147,3310336.720666667,2650855.481,659481.2396666667
2015-02-12,3468141.29,2797170.91,670970.3799999999,0.19346685267254493,3615528.8857142855,3354650.4566666665,2686016.915,668633.5416666666
2015-02-13,4164849.99,3458801.88,706048.1100000003,0.1695254599073808,3716608.1842857143,3398963.5596666667,2728261.7733333334,670701.7863333334
2015-02-14,4312422.12,3541992.72,770429.3999999999,0.17865352197942994,3822541.7814285713,3474446.5286666667,2791933.8049999997,682512.7236666667
2015-02-15,4757224.49,3925128.98,832095.5100000002,0.17491197057215188,3902562.1042857138,3547380.230333334,2855083.547666667,692296.6826666667
2015-02-16,4817928.66,3988291.36,829637.3000000003,0.17219792125357047,3949382.25,3621687.845,2920185.2690000003,701502.576
2015-02-17,4293160.67,3537248.79,755911.8799999999,0.1760735127576765,4160709.7885714285,3664083.110666667,2956970.708666667,707112.402
2015-02-18,3209407.04,2685036.44,524370.6000000001,0.16338550812177444,4146162.037142857,3676006.489333333,2971189.526666667,704816.9626666667
2015-02-19,3793775.02,3109300.19,684474.8300000001,0.18042051159902467,4192681.141428571,3720618.6190000004,3009581.6203333335,711036.9986666667
2015-02-20,4760336.65,3942085.3,818251.3500000006,0.17188938727684322,4277750.664285715,3792501.2783333333,3073672.0123333335,718829.2660000001
2015-02-21,4368539.08,3544819.23,823719.8500000001,0.188557280801526,4285767.372857143,3848668.474,3118813.5863333335,729854.8876666668
2015-02-22,5784606.22,4804964.15,979642.0699999994,0.16935328572806455,4432536.191428571,3951379.9236666663,3207327.7956666662,744052.1280000001
2015-02-23,7360399.98,5966271.62,1394128.3600000003,0.18940932066031557,4795746.38,4063239.595666667,3300137.908333333,763101.6873333334
2015-02-24,5473140.47,4450268.77,1022871.7000000002,0.18688935641368623,4964314.922857143,4090156.0866666664,3323568.6746666664,766587.4120000001
2015-02-25,8502202.85,7083827.01,1418375.8399999999,0.1668245118381291,5720428.61,4237417.279,3452728.8983333334,784688.3806666668
2015-02-26,6528340.52,5386905.64,1141434.88,0.17484303652714486,6111080.824285714,4351157.235666667,3550437.9940000004,800719.2416666667
2015-02-27,4695415.58,3896449.69,798965.8900000001,0.17015871681373093,6101806.385714286,4353931.941333333,3560190.706,793741.2353333334
2015-02-28,3896812.17,3287398.94,609413.23,0.15638763261201782,6034416.827142857,4307155.349333334,3526578.9289999995,780576.4203333334
2015-03-01,4612623.19,3760240.57,852382.6200000006,0.18479346456218992,5866990.680000001,4316366.053333333,3536667.8273333334,779698.226
2015-03-02,1204115.66,996728.16,207387.49999999988,0.17223220898896033,4987521.491428571,4216639.869666667,3460912.642666667,755727.2270000001
2015-03-03,2971078.12,2450231.82,520846.3000000003,0.1753054880966914,4630084.012857143,4149769.094666667,3407121.0239999997,742648.0706666668
2015-03-04,3275231.73,2540097.74,735133.9899999998,0.22445251225017893,3883373.852857143,4162228.3426666665,3414278.897666667,747949.4450000001
2015-03-05,3623778.02,2818823.69,804954.3300000001,0.2221312468802932,3468436.352857143,4223705.693666667,3460650.5136666666,763055.18
2015-03-06,4126698.63,3333077.32,793621.31,0.19231385210215848,3387191.0742857144,4278038.01,3500783.6416666666,777254.3683333334
2015-03-07,3652751.16,2946148.77,706602.3900000001,0.19344388901651874,3352325.215714286,4316451.340666668,3530169.6993333334,786281.6413333334
2015-03-08,3679065.16,2903799.07,775266.0900000003,0.2107236638342117,3218959.782857143,4323843.682666667,3536977.0640000002,786866.6186666668
2015-03-09,4520902.2,3610296.4,910605.8000000003,0.20142125613776832,3692786.4314285717,4355510.858,3558899.054333334,796611.8036666667
2015-03-10,5042080.93,3980962.03,1061118.9,0.21045257200978723,3988643.9757142854,4383677.481333333,3576427.3473333335,807250.134
2015-03-11,6098020.8,4928286.75,1169734.0499999998,0.1918219186789261,4391899.5571428565,4437271.92,3618176.444333333,819095.4756666668
2015-03-12,4869770.72,3760439.95,1109330.7699999996,0.22779938395128377,4569898.514285714,4505802.014,3668606.884333333,837195.1296666667
2015-03-13,3474969.89,2712283.16,762686.73,0.21948009742323263,4476794.408571429,4511259.633666666,3671579.235,839680.3986666667
2015-03-14,4711284.42,3671123.8,1040160.6200000001,0.2207806889315335,4628013.445714286,4552697.738000001,3700710.998,851986.7400000001
2015-03-15,5040735.75,4008157.53,1032578.2200000002,0.204846726988218,4822537.815714286,4581893.930000001,3719022.853,862871.077
2015-03-16,5602879.7,4422966.9,1179912.7999999998,0.2105904219217842,4977106.03,4624909.182666668,3748388.659,876520.5236666668
2015-03-17,5692241.74,4623906.32,1068335.42,0.18768272128934566,5069986.145714285,4656076.424333333,3771681.237,884395.1873333334
2015-03-18,6793794.72,5583548.33,1210246.3899999997,0.17813997035223927,5169382.42,4721938.626333333,3824856.4693333334,897082.157
2015-03-19,6012381.06,5053767.27,958613.79,0.15943995905010055,5332612.468571429,4779245.972666667,3875407.085333333,903838.8873333334
2015-03-20,4887915.96,4122124.89,765791.0699999998,0.15667026116381916,5534461.907142857,4835196.27,3923310.033666666,911886.2363333333
2015-03-21,4566270.71,4002288.11,563982.6000000001,0.12351054850184301,5513745.662857143,4860946.1263333345,3953076.2976666666,907869.8286666668
2015-03-22,5271032.0,4721422.49,549609.5099999998,0.10426981092127685,5546645.127142857,4877969.304666667,3979054.2040000004,898915.1006666666
2015-03-23,5172623.98,4663072.48,509551.5,0.09850928696348037,5485180.024285714,4904772.134666666,4016329.312333333,888442.8223333333
2015-03-24,6187718.83,5662250.07,525468.7599999998,0.08492124067634789,5555962.465714285,4918209.221666667,4044905.509666667,873303.712
2015-03-25,6763449.95,6062883.43,700566.5200000005,0.10358123815198787,5551627.4985714285,4898310.8873333335,4048125.9033333333,850184.9839999999
2015-03-26,6983791.47,6190732.25,793059.2199999997,0.11355711627512266,5690400.414285714,4948665.920666667,4106141.3526666667,842524.568
2015-03-27,5007891.27,4516109.24,491782.02999999933,0.09820141921731447,5707539.744285715,4832188.868000001,4020550.7603333336,811638.1076666667
2015-03-28,5941997.22,5296480.62,645516.5999999996,0.10863630124687262,5904072.102857143,4812644.091333333,4017536.593,795107.4983333333
2015-03-29,6087900.7,5431213.47,656687.2300000004,0.10786759876027552,6020767.631428571,4859060.262,4068695.3856666666,790364.8763333333
2015-03-30,14251354.04,12890205.46,1361148.5799999982,0.09551012319107317,7317729.068571429,5204211.657666666,4388788.936333333,815422.7213333332
2015-03-31,14813965.34,13306811.36,1507153.9800000004,0.10173872730284114,8550049.998571428,5544256.396,4707007.962666666,837248.4333333332
2015-04-01,13697879.88,12323133.99,1374745.8900000006,0.1003619466693703,9540682.845714286,5960715.203333333,5084554.823666667,876160.3796666666
2015-04-02,11638587.41,10494545.99,1144041.42,0.09829727437687388,10205653.694285715,6249632.179666666,5352698.629333333,896933.5503333333
2015-04-03,10239965.04,9205352.56,1034612.4799999986,0.10103671994567656,10953092.804285714,6481789.956666667,5574873.79,906916.1666666665
2015-04-04,4214414.51,3835706.41,378708.0999999996,0.08986019270325635,10706295.274285715,6501477.839666666,5608769.880666667,892707.9589999999
2015-04-05,4549233.48,4060392.25,488841.23000000045,0.1074557355979013,10486485.67142857,6515562.334666667,5633013.711666667,882548.6229999999
2015-04-06,5947351.85,5501604.96,445746.88999999966,0.07494880095247765,9300199.644285714,6592049.024333334,5718195.584666667,873853.4396666666
2015-04-07,6969771.13,6115686.29,854084.8399999999,0.1225413035908397,8179600.471428571,6701739.223333334,5825258.492,876480.7313333333
2015-04-08,6923568.08,6092200.11,831367.9699999997,0.12007796563762535,7211841.642857143,6781828.085999999,5907988.615666667,873839.4703333332
2015-04-09,5334934.77,4630574.68,704360.0899999999,0.13202787294810728,6311319.837142857,6791589.880666667,5929642.370666667,861947.5099999999
2015-04-10,5286341.9,4755107.84,531234.0600000005,0.10049180890097185,5603659.388571428,6764533.917333334,5923869.740333334,840664.1769999998
2015-04-11,7223512.23,6692976.84,530535.3900000006,0.07344562770955543,6033530.491428571,6842991.967666667,6021620.97,821370.9976666665
2015-04-12,6941143.47,6173613.48,767529.9899999993,0.11057688020962335,6375231.918571428,6958531.086999999,6136998.647333334,821532.4396666666
2015-04-13,8008850.6,7198672.06,810178.54,0.10116040121912126,6669731.74,7068449.959666667,6254583.589333334,813866.3703333332
2015-04-14,9764966.49,8525033.47,1239933.0199999996,0.12697770353536558,7069045.362857143,7225924.317666667,6405146.120666667,820778.1969999999
2015-04-15,8464241.45,7283839.1,1180402.3499999996,0.13945754701976273,7289141.558571428,7321303.042666665,6500508.527333333,820794.5153333332
2015-04-16,6025485.77,5033699.98,991785.7899999991,0.164598478505742,7387791.701428571,7332411.177,6514168.316,818242.8609999998
2015-04-17,6481493.13,5294636.04,1186857.0899999999,0.18311476479185898,7558527.591428571,7322001.124,6504537.906333333,817463.2176666665
2015-04-18,7432727.07,5745887.3,1686839.7700000005,0.22694762690916356,7588415.425714285,7369345.990999999,6527608.574,841737.4169999999
2015-04-19,6854069.17,5371424.19,1482644.9799999995,0.216316022384116,7575976.24,7434884.431333333,6569251.884,865632.5473333332
2015-04-20,8942873.22,6952833.82,1990039.4000000004,0.22252796735946573,7709408.042857142,7580771.181666667,6667603.407666667,913167.7739999999
2015-04-21,11246554.8,8986101.87,2260452.9300000016,0.20099070072552364,7921063.515714286,7779955.275,6809759.386999999,970195.8879999999
2015-04-22,9099886.14,7216624.95,1883261.1900000004,0.20695436855213226,8011869.899999999,7910864.013666666,6894877.802666667,1015986.2109999999
2015-04-23,7548994.85,5939101.06,1609893.79,0.21325935730370782,8229514.054285714,7956239.880999999,6904106.169000001,1052133.7119999998
2015-04-24,6578500.68,5143109.11,1435391.5699999994,0.21819433330209817,8243372.275714286,7950074.905333334,6873447.025,1076627.8803333333
2015-04-25,9981817.81,7741342.2,2240475.6100000003,0.22445567056487883,8607528.095714286,8050009.116666666,6925134.023333334,1124875.0933333333
2015-04-26,8486257.42,6790371.72,1695885.7000000002,0.19983905932469348,8840697.845714286,8165954.654999999,7000942.772666667,1165011.8823333334
2015-04-27,11233528.64,8990933.6,2242595.040000001,0.19963406974498094,9167934.334285716,8342339.035666666,7124091.205333333,1218247.8303333332
2015-04-28,14371525.01,11368208.46,3003316.549999999,0.2089768864410861,9614358.650000002,8618459.845999999,7321991.038333333,1296468.8076666666
2015-04-29,15294818.22,12456433.34,2838384.880000001,0.18557820296866534,10499348.947142858,8653241.985333333,7307531.967666666,1345710.0176666668
2015-04-30,14911130.64,11744026.43,3167104.210000001,0.21239866288234738,11551082.631428571,8656480.828666667,7255439.136666667,1401041.692
2015-05-01,11462217.29,9026019.09,2436198.1999999993,0.21254161724236512,12248756.432857143,8581958.742333334,7145535.306666667,1436423.4356666664
2015-05-02,8951414.69,7003240.14,1948174.5499999998,0.21763873281129376,12101555.987142857,8492386.318333333,7029158.445000001,1463227.8733333335
2015-05-03,7902349.85,6325430.88,1576918.9699999997,0.19955063999096417,12018140.620000001,8414465.811999999,6933161.055666667,1481304.7563333332
2015-05-04,4063632.19,3220456.05,843176.1400000001,0.20749322295333036,10993869.698571429,8409439.734666666,6912652.710333333,1496787.0243333334
2015-05-05,4993358.48,3895803.59,1097554.8900000006,0.21980294312856954,9654131.622857142,8424243.901333334,6907166.421666667,1517077.4796666666
2015-05-06,5912157.02,4721080.32,1191076.6999999993,0.20146229133812812,8313751.451428571,8423070.740333332,6881148.933666666,1541921.8066666664
2015-05-07,6417545.13,5062352.65,1355192.4799999995,0.21116991817710826,7100382.092857143,8404663.206999999,6846037.812333333,1558625.3946666669
2015-05-08,4654167.53,3561342.38,1092825.1500000004,0.23480571830640576,6127803.555714286,8329016.522,6761675.887999999,1567340.634
2015-05-09,4178643.57,3269969.19,908674.3799999999,0.21745678107692729,5445979.11,8290473.482,6716322.371666667,1574151.1103333335
2015-05-10,5135747.06,3949880.44,1185866.6199999996,0.23090440517138702,5050750.140000001,8285453.654,6689481.458333333,1595972.1956666666
2015-05-11,6740124.2,5364204.35,1375919.8500000006,0.2041386492551577,5433106.141428572,8269340.719666666,6645189.042,1624151.6776666667
2015-05-12,6877097.83,5464941.46,1412156.37,0.2053419051041768,5702211.762857142,8267205.864999999,6621566.641333333,1645639.2236666668
2015-05-13,8472230.27,6752088.25,1720142.0199999996,0.2030329635976714,6067936.512857142,8282651.854,6606680.514333334,1675971.339666667
2015-05-14,8373161.73,6566657.69,1806504.04,0.21574933080863828,6347310.312857143,8236258.362000001,6541401.321666667,1694857.0403333334
2015-05-15,6454103.0,5103049.75,1351053.25,0.20933245874755949,6604443.951428571,8169253.747,6468708.343333334,1700545.4036666667
2015-05-16,6409003.84,5140481.43,1268522.4100000001,0.19792817131468596,6923066.8471428575,8182037.682666666,6472267.725,1709769.9576666665
2015-05-17,6593507.34,5168476.45,1425030.8899999997,0.2161263825938199,7131318.315714287,8185771.489666667,6468062.405333334,1717709.0843333334
2015-05-18,7049312.68,5707463.8,1341848.88,0.19035173227696858,7175488.098571428,8172991.010000001,6466781.6219999995,1706209.388
2015-05-19,8167385.27,6584434.28,1582950.9899999993,0.1938136793686481,7359814.875714286,8216768.213333334,6507215.291666667,1709552.9216666669
2015-05-20,10886447.11,8610088.68,2276358.4299999997,0.20910021488176778,7704702.995714285,8281554.009666666,6562457.120333333,1719096.8893333336
2015-05-21,9585349.34,7629673.54,1955675.7999999998,0.2040275978089704,7877872.654285714,8226180.494333333,6517242.842666667,1708937.6516666666
2015-05-22,6849849.55,5526949.11,1322900.4399999995,0.19312839360099515,7934407.875714285,8151179.274666667,6460920.314666667,1690258.96
2015-05-23,5769728.11,4699867.99,1069860.12,0.18542643597810712,7843082.771428571,8091870.383333334,6419612.545666667,1672257.8376666666
2015-05-24,7759286.87,6115304.75,1643982.12,0.21187283671083038,8009622.704285714,8131229.9229999995,6452019.067000001,1679210.856
2015-05-25,6648911.62,5479719.27,1169192.3500000006,0.17584717872968217,7952422.552857144,8020133.05,6376631.635999999,1643501.414
2015-05-26,7250067.07,5753775.74,1496291.33,0.20638310177729155,7821377.095714286,7978926.705,6342078.4366666665,1636848.2683333333
2015-05-27,11264269.11,8911794.91,2352474.1999999993,0.20884392738021149,7875351.667142858,7979951.3873333335,6339440.480333333,1640510.907
2015-05-28,10886440.76,8702126.28,2184314.4800000004,0.20064542012903036,8061221.869999999,7863781.912333334,6250571.074333333,1613210.838
2015-05-29,7443400.33,6010039.49,1433360.8399999999,0.19256801682733082,8146014.838571428,7602067.982666667,6035691.2793333335,1566376.7033333331
2015-05-30,14386454.27,11671007.33,2715446.9399999995,0.18875025694569558,9376975.718571428,7584578.770333333,6033257.309333334,1551321.461
2015-05-31,12847323.1,10142347.13,2704975.969999999,0.21054782766380328,10103838.037142858,7630748.964,6070468.244,1560280.7199999997
2015-06-01,12707400.56,9938849.85,2768550.710000001,0.21786916190513167,10969336.457142858,7755948.493,6168321.901,1587626.592
2015-06-02,10370270.22,8221123.6,2149146.620000001,0.20724113975884428,11415079.764285715,7838212.505333333,6231511.658333333,1606700.8469999998
2015-06-03,12915899.82,10182209.97,2733689.8499999996,0.2116530700994551,11651027.00857143,8133288.093,6463570.122333334,1669717.9706666665
2015-06-04,4389371.3,3612066.24,777305.0599999996,0.17708801713812627,10722874.228571428,8113155.187,6454112.210666667,1659042.9763333334
2015-06-05,4689415.18,3666593.72,1022821.4599999995,0.218112796743239,10329447.778571429,8072397.125666667,6418962.657333334,1653434.4683333333
2015-06-06,4504545.31,3683127.75,821417.5599999996,0.182353046416576,8917746.498571428,8008630.465000001,6372988.494000001,1635641.971
2015-06-07,4737477.49,3636812.14,1100665.35,0.2323315207984239,7759197.125714286,8011407.463666666,6375504.1526666675,1635903.311
2015-06-08,5997977.12,4767036.54,1230940.58,0.20522595457983342,6800708.062857144,8072051.9153333325,6425406.397666666,1646645.5176666665
2015-06-09,7149148.38,5741574.05,1407574.33,0.19688699341277346,6340547.799999999,8139165.292666665,6485129.518,1654035.7746666665
2015-06-10,7033422.25,5437275.2,1596147.0499999998,0.22693746987819477,5500193.861428572,8148941.894333333,6487565.2129999995,1661376.6813333333
2015-06-11,5174085.58,4188520.67,985564.9100000001,0.1904809835016297,5612295.901428572,8092174.8193333335,6445017.853333334,1647156.9659999998
2015-06-12,6351066.12,4900508.38,1450557.7400000002,0.2283959437033857,5849674.607142857,8021469.347666667,6383298.524333334,1638170.8233333332
2015-06-13,5087923.97,3913528.15,1174395.8199999998,0.2308202376695499,5933014.415714285,7911961.422333333,6294860.873,1617100.5493333333
2015-06-14,7257781.25,5645520.63,1612260.62,0.22214235514469385,6293057.8100000005,7938750.697333334,6312943.235666666,1625807.4616666664
2015-06-15,7185781.7,5677039.63,1508742.0700000003,0.2099621353651754,6462744.178571428,7964643.292666667,6330828.509000001,1633814.7836666666
2015-06-16,7904688.49,6283325.81,1621362.6800000006,0.20511405124327683,6570678.4799999995,8008349.331,6367990.1543333335,1640359.1766666665
2015-06-17,8476249.0,6775868.17,1700380.83,0.20060534205637423,6776796.587142857,8055913.875,6403603.633333334,1652310.2416666667
2015-06-18,6561476.72,5174441.56,1387035.1600000001,0.21139070047634037,6974995.321428572,8002383.59,6356603.876,1645779.7140000002
2015-06-19,5300940.37,4147889.8,1153050.5700000003,0.21751811745054592,6824977.357142857,7816200.032000001,6207863.913333333,1608336.1186666666
2015-06-20,5709630.01,4391167.7,1318462.3099999996,0.23091904513791772,6913792.505714287,7687009.387666667,6099913.718666667,1587095.669
2015-06-21,5755437.59,4546815.45,1208622.1399999997,0.2099965677848658,6699171.9828571435,7650528.988999999,6067242.596666667,1583286.3923333334
2015-06-22,8091120.75,6486078.97,1605041.7800000003,0.19837076093568376,6828506.132857143,7727908.743666667,6126782.962666666,1601125.7810000002
2015-06-23,8014615.36,6549729.21,1464886.1500000004,0.1827768500670755,6844209.971428571,7736419.693333333,6141263.777999999,1595155.9153333334
2015-06-24,8106694.48,6848465.28,1258229.2000000002,0.15520866157028285,6791416.468571429,7785012.455333333,6186888.645,1598123.8103333332
2015-06-25,6395417.81,5471074.95,924342.8599999994,0.14453205208183256,6767693.767142857,7756524.1466666665,6177465.285333334,1579058.8613333332
2015-06-26,5791488.27,5164656.66,626831.6099999994,0.10823325210671617,6837772.038571428,7574098.118666667,6052560.677,1521537.4416666667
2015-06-27,5907901.77,5761761.16,146140.6099999994,0.024736465785889228,6866096.5757142855,7408146.819,5954548.506333333,1453598.3126666665
2015-06-28,7048110.81,6755443.51,292667.2999999998,0.04152421945250316,7050764.178571428,7394970.501666667,5979395.306999999,1415575.1946666664
2015-06-29,10266326.47,10003747.48,262578.9900000002,0.025576723160645815,7361507.852857143,7257632.908333333,5923819.978666667,1333812.9296666668
2015-06-30,10954727.42,10628217.87,326509.55000000075,0.029805355941937325,7781523.861428572,7194546.3856666675,5940015.670000001,1254530.7156666666
2015-07-01,9503954.04,9190648.76,313305.27999999933,0.032965782313484265,7981132.369999999,7087764.835,5915075.633666666,1172689.2013333333
2015-07-02,8552727.69,8154787.16,397940.52999999933,0.04652790833797719,8289319.495714285,7027180.084000001,5912864.419,1114315.665
2015-07-03,6047919.06,5867150.51,180768.5499999998,0.0298893798357149,8325952.465714285,6798247.392,5769029.103666666,1029218.2883333333
2015-07-04,1184319.43,1068025.58,116293.84999999986,0.09819466526864283,7651154.988571428,6691412.329666668,5684227.748333334,1007184.5813333333
2015-07-05,2966146.59,2810871.75,155274.83999999985,0.05234901084238047,7068017.242857143,6633970.043333333,5655703.682666666,978266.3606666665
2015-07-06,2490899.57,2437063.72,53835.84999999963,0.02161301509237469,5957241.971428572,6566848.518666667,5614168.215,952680.3036666666
2015-07-07,4185006.32,3947428.34,237577.97999999998,0.056768846169866716,4990138.957142858,6548432.813,5624522.088333334,923910.7246666666
2015-07-08,4333446.86,4256271.94,77174.91999999993,0.017809130351260364,4251495.074285714,6492948.471,5607496.6016666675,885451.8693333332
2015-07-09,6011409.46,5756814.71,254594.75,0.04235192290494882,3888449.612857143,6455023.840333333,5608004.623666667,847019.2166666666
2015-07-10,3936544.23,3750891.91,185652.31999999983,0.047161243251164955,3586824.637142857,6351794.573,5551791.847333333,800002.7256666665
2015-07-11,3965266.87,3859812.43,105454.43999999994,0.026594537885416006,3984102.8428571434,6311500.615999999,5540834.9059999995,770665.7100000001
2015-07-12,4444033.83,4308843.11,135190.71999999974,0.03042072251731705,4195229.591428571,6247932.873,5521112.730333333,726820.1426666665
2015-07-13,4008119.02,3879117.89,129001.12999999989,0.0321849549268125,4411975.227142857,6211939.374666667,5519965.721666666,691973.6529999998
2015-07-14,4541662.42,4427340.58,114321.83999999985,0.025171804821195815,4462926.098571428,6121402.080333333,5479359.72,642042.3603333331
2015-07-15,6195528.74,5945270.24,250258.5,0.04039340474433825,4728937.795714286,6088393.648333334,5488300.740333334,600092.9079999998
2015-07-16,5351713.45,5204783.4,146930.0499999998,0.02745476778096178,4634695.508571428,6003294.480333333,5452349.326666667,550945.1536666665
2015-07-17,3953465.4,3879500.64,73964.75999999978,0.018708842121142575,4637112.818571429,5852535.027,5355803.742333334,496731.2846666665
2015-07-18,4352743.94,4230281.82,122462.12000000011,0.02813446453273337,4692466.685714285,5778910.601,5324331.751,454578.84999999986
2015-07-19,4734057.3,4244345.55,489711.75,0.10344440697834392,4733898.61,5760014.498666667,5327546.942666667,432467.55599999987
2015-07-20,4593431.52,3967198.09,626233.4299999997,0.1363323753218813,4817514.681428572,5722807.882333334,5313414.622333334,409393.2599999999
2015-07-21,6205610.6,5212906.4,992704.1999999993,0.1599688191843683,5055221.564285713,5737813.649333333,5335617.654,402195.9953333332
2015-07-22,7003315.42,5699625.87,1303689.5499999998,0.18615319628142635,5170619.661428572,5701553.471666667,5309402.550666666,392150.92099999986
2015-07-23,6241579.84,5041557.0,1200022.8399999999,0.19226267559849075,5297743.431428572,5642452.287666666,5259130.143666667,383322.1439999998
2015-07-24,4815209.73,3864863.25,950346.4800000004,0.1973634656200116,5420849.764285714,5532736.129333333,5159676.742666666,373059.3866666665
2015-07-25,4869837.46,3980424.09,889413.3700000001,0.1826371777919668,5494720.267142857,5481883.451,5109988.380666667,371895.07033333316
2015-07-26,5323996.74,4436550.96,887445.7800000003,0.16668788944450033,5578997.329999999,5466300.399999999,5085718.190666666,380582.2093333332
2015-07-27,5603376.79,4431670.86,1171705.9299999997,0.2091071105714452,5723275.225714286,5456149.567333334,5041381.847333333,414767.71999999986
2015-07-28,6826651.55,5538901.92,1287749.63,0.18863561741334225,5811995.361428572,5448767.591999999,5000830.461,447937.13099999994
2015-07-29,9470985.24,7602775.68,1868209.5600000005,0.19725609455178503,6164519.621428571,5422256.217666667,4920798.067666667,501458.14999999997
2015-07-30,10296776.67,9762134.91,534641.7599999998,0.051923216083504684,6743833.454285714,5400324.525999999,4891928.635666667,508395.8903333332
2015-07-31,8227312.7,8001039.19,226273.50999999978,0.027502723945329047,7231276.735714286,5357769.814666667,4852274.983333333,505494.8313333333
2015-08-01,7969399.16,8307674.69,-338275.53000000026,-0.042446804735026,7674071.264285713,5338325.530333334,4857371.234333334,480954.2959999999
2015-08-02,5808782.79,6999844.19,-1191061.4000000004,-0.20504491957427803,7743326.414285715,5330354.321333333,4895127.690333334,435226.6309999999
2015-08-03,4720575.96,6451104.36,-1730528.4000000004,-0.36659263925921454,7617212.01,5448229.539,5074563.649666667,373665.8893333332
2015-08-04,2658117.34,3894709.67,-1236592.33,-0.4652135973801669,7021707.122857143,5437961.897333334,5110691.580333333,327270.31699999986
2015-08-05,2978173.12,4001425.35,-1023252.23,-0.3435838645941442,6094162.534285715,5454204.349,5162836.967999999,291367.3809999999
2015-08-06,2558707.18,3656184.22,-1097477.04,-0.42891857598179717,4988724.035714285,5399994.377666666,5153128.830666666,246865.54699999987
2015-08-07,1981109.04,2648627.83,-667518.79,-0.33694197367349354,4096409.227142857,5321583.117000001,5099540.693666667,222042.42333333325
2015-08-08,1709563.14,2428463.02,-718899.8800000001,-0.42051671750480074,3202146.9385714284,5178188.239666667,4988595.6373333335,189592.60233333323
2015-08-09,2122689.02,2864218.57,-741529.5499999998,-0.3493349911425084,2675562.1142857145,5117726.399333334,4959039.859333334,158686.53999999992
2015-08-10,2341717.61,3233525.06,-891807.4500000002,-0.380834754024846,2335725.207142857,5063608.090666667,4938163.613666668,125444.47699999991
2015-08-11,2434219.28,3451194.49,-1016975.2100000004,-0.4177829082020912,2303739.77,4996614.272333333,4909575.326333333,87038.9459999999
2015-08-12,3555473.95,4878289.67,-1322815.7199999997,-0.3720504603893947,2386211.317142857,4981526.1033333335,4942881.052333334,38645.05099999991
2015-08-13,2921138.79,3979730.24,-1058591.4500000002,-0.36238998763903313,2437987.2614285713,4927508.649,4927960.707666667,-452.05866666676013
2015-08-14,2842163.51,3979723.24,-1137559.7300000004,-0.40024429488224644,2560995.0428571426,4815729.807999999,4862442.474333333,-46712.66633333344
2015-08-15,2655077.08,3723026.61,-1067949.5299999998,-0.40222920006525753,2696068.462857143,4725841.9290000005,4813050.581333334,-87208.65233333343
2015-08-16,2851597.29,3843042.72,-991445.4300000002,-0.3476807308931059,2800198.215714286,4689112.992,4811835.317333334,-122722.32533333341
2015-08-17,2804909.03,3580539.39,-775630.3600000003,-0.27652603050730684,2866368.4185714284,4637518.495,4790177.236333334,-152658.74133333343
2015-08-18,3797369.86,5081331.41,-1283961.5500000003,-0.3381186445715352,3061104.2157142856,4606295.580333333,4818076.765,-211781.18466666678
2015-08-19,3996506.07,5388360.8,-1391854.73,-0.34826788840583445,3124108.804285714,4586398.065333334,4865448.855333333,-279050.7900000001
2015-08-20,3542649.14,4967122.51,-1424473.3699999996,-0.4020927034281469,3212895.9971428565,4497632.683333334,4857256.058999999,-359623.3756666667
2015-08-21,2826694.43,4029608.29,-1202913.8599999999,-0.4255549688121046,3210686.1285714284,4358411.983666667,4801588.806333334,-443176.8226666667
2015-08-22,2330134.4,3196044.6,-865910.2000000002,-0.3716138433903213,3164265.745714286,4228030.4690000005,4740071.726333334,-512041.25733333343
2015-08-23,2980880.01,4035327.45,-1054447.4400000004,-0.35373696239453817,3182734.7057142854,4166886.145,4745753.866333334,-578867.7213333335
2015-08-24,2905862.72,4140352.34,-1234489.6199999996,-0.42482723340763995,3197156.6614285717,4101420.320333333,4751084.808,-649664.4876666667
2015-08-25,3470416.25,4713031.14,-1242614.8899999997,-0.35805932213462854,3150449.0028571435,4039634.304,4760300.814,-720666.51
2015-08-26,4027164.09,5549423.27,-1522259.1799999997,-0.37799780341207795,3154828.72,3987093.8806666667,4797559.227666666,-810465.347
2015-08-27,3564052.29,4867784.09,-1303731.7999999998,-0.3658004131022443,3157886.312857143,3878340.5719999997,4775188.633333334,-896848.0613333334
2015-08-28,8506950.72,11044258.41,-2537307.6899999995,-0.2982628880210557,3969351.497142858,3846206.088,4889904.724333333,-1043698.6363333334
2015-08-29,7794439.44,10361751.16,-2567311.7199999997,-0.3293773387762699,4749966.502857143,3762794.847,4909891.932666666,-1147097.0856666667
2015-08-30,7344062.69,9260104.74,-1916042.0499999998,-0.2608967448778681,5373278.314285715,3733353.1799999997,4951860.784333333,-1218507.6043333332
2015-08-31,7854391.23,10070785.58,-2216394.3499999996,-0.2821853769563245,6080210.958571429,3729519.5823333333,5010631.147333334,-1281111.5650000002
2015-09-01,6760812.85,8154672.78,-1393859.9300000006,-0.2061675069144978,6550267.615714286,3761253.9176666667,5049125.433666667,-1287871.5159999998
2015-09-02,2200298.26,2129220.78,71077.47999999998,0.03230356597200599,6289286.782857143,3677244.661,4905062.647666666,-1227817.9866666668
2015-09-03,2827263.54,2604249.38,223014.16000000015,0.07887986275237721,6184031.247142858,3682882.867666667,4862047.304666667,-1179164.437
2015-09-04,3174821.93,2868467.84,306354.0900000003,0.09649488908500777,5422298.562857144,3689437.828,4824282.054333334,-1134844.2263333334
2015-09-05,4060108.04,3677521.7,382586.33999999985,0.09423058111527491,4888822.648571429,3739484.5233333334,4824993.303666667,-1085508.7803333334
2015-09-06,5806076.99,5165364.57,640712.4199999999,0.11035203651338421,4669110.405714286,3866983.455,4908884.528333333,-1041901.0733333334
2015-09-07,5427754.58,4736445.82,691308.7599999998,0.12736551548356848,4322448.027142857,3990923.169666667,4985817.288333332,-994894.1186666667
2015-09-08,4280040.71,3769505.38,510535.3300000001,0.119282821027186,3968052.0071428567,4062834.892666667,5015993.515333334,-953158.6226666666
2015-09-09,3647303.9,3266493.41,380810.48999999976,0.10440876341562867,4174767.0985714286,4106354.4356666664,5017092.460333333,-910738.0246666666
2015-09-10,3721441.58,3354394.08,367047.5,0.09863046137083253,4302506.818571429,4149261.8456666665,5013865.78,-864603.9343333333
2015-09-11,5440903.55,4839456.19,601447.3599999994,0.11054181616580934,4626232.764285714,4212109.499000001,5012571.330666666,-800461.8316666667
2015-09-12,4950740.04,4404176.85,546563.1900000004,0.11040030088107805,4753465.907142857,4279762.874,5026719.551,-746956.677
2015-09-13,6063850.75,5333297.85,730552.9000000004,0.12047672842211699,4790290.7299999995,4387152.448666667,5071838.704666668,-684686.2559999999
2015-09-14,5951627.11,5241870.86,709756.25,0.11925415300421938,4865129.662857143,4497037.449666667,5122466.846333333,-625429.3966666666
2015-09-15,4289955.17,3759560.12,530395.0499999998,0.12363650177724347,4866546.014285714,4544982.712333334,5119684.092999999,-574701.3806666665
2015-09-16,4578098.38,4047593.29,530505.0899999999,0.11587891870510653,4999516.654285714,4604089.024,5135252.556333333,-531163.5323333333
2015-09-17,4322042.75,3890293.3,431749.4500000002,0.09989476619591516,5085316.821428572,4621578.120333333,5095551.286,-473973.16566666664
2015-09-18,4626830.39,4125549.97,501280.41999999946,0.10834207821480128,4969020.6557142865,4642588.931,5053457.591666667,-410868.6606666667
2015-09-19,4866373.41,4338177.32,528196.0899999999,0.10853998357680486,4956968.28,4686713.073333334,5032492.752,-345779.6786666667
2015-09-20,5970375.19,5199616.34,770758.8500000006,0.12909722177778252,4943614.628571428,4791502.432,5071493.020333333,-279990.58833333326
2015-09-21,5429549.96,4922952.43,506597.53000000026,0.09330377908521911,4869032.178571428,4894816.284,5129056.614666667,-234240.33066666665
2015-09-22,3989413.65,3510644.34,478769.31000000006,0.12000994431850907,4826097.675714285,4928434.072,5111567.177666667,-183133.1056666666
2015-09-23,4492195.74,4136948.97,355246.77,0.07908087504664256,4813825.87,4981311.839333334,5111453.732,-130141.89266666661
2015-09-24,4990183.49,4532817.65,457365.83999999985,0.09165311073561341,4909274.547142857,5031970.747333334,5105446.615666667,-73475.8683333333
2015-09-25,5455949.84,4738294.51,717655.3300000001,0.13153627710037746,5027720.182857143,5079596.939,5078408.990333334,1187.9486666666887
2015-09-26,6622087.86,5772363.74,849724.1200000001,0.12831664845956908,5278536.532857143,5181531.458000001,5108561.645333334,72969.8126666667
2015-09-27,9527329.68,8445286.43,1082043.25,0.11357256296813695,5786672.888571428,5215544.09,5021929.246,193614.844
2015-09-28,8161672.8,7449690.47,711982.3300000001,0.08723485337466605,6176976.151428571,5227785.2020000005,4924860.556333333,302924.6456666666
2015-09-29,7149980.42,6330231.0,819749.4199999999,0.11465058249767905,6628485.6899999995,5221315.793,4827198.098333333,394117.6946666666
2015-09-30,6245594.21,5509034.08,736560.1299999999,0.11793275471222135,6878971.185714285,5167689.225666667,4675139.715,492549.5106666666
2015-10-01,5328206.77,4579676.64,748530.1299999999,0.14048443731848642,6927260.225714286,5119935.689666667,4555973.177,563962.5126666666
2015-10-02,2171539.56,1796561.55,374978.01,0.17267841530826175,6458058.757142857,5118977.066333333,4544884.536,574092.5303333333
2015-10-03,4071748.88,3247591.03,824157.8500000001,0.202408811124914,6093724.617142857,5160459.910999999,4566329.257666667,594130.6533333332
2015-10-04,3492367.73,2871726.8,620640.9300000002,0.17771351071326047,5231587.195714286,5171044.771,4566437.889666666,604606.8813333332
2015-10-05,4507541.9,3678096.41,829445.4900000002,0.18401281860519147,4709568.495714285,5185959.233,4566457.046666667,619502.1863333334
2015-10-06,4188998.54,3415837.46,773161.0800000001,0.18456943171911444,4286571.084285715,5132056.618,4508139.476333334,623917.1416666667
2015-10-07,3426493.43,2803278.62,623214.81,0.1818812213511234,3883842.4014285714,5065347.913000001,4443700.569666667,621647.3433333334
2015-10-08,3233949.18,2641121.98,592827.2000000002,0.18331370315472928,3584662.7457142854,5030478.195333333,4406087.789666667,624390.4056666666
2015-10-09,3267999.74,2663149.73,604850.0100000002,0.1850826371240777,3741299.9142857147,5017834.723333333,4385976.333666666,631858.3896666667
2015-10-10,3378102.79,2705337.11,672765.6800000002,0.19915488717263105,3642207.6157142855,5006390.097,4364341.101333333,642048.9956666667
2015-10-11,3286486.34,2566855.85,719630.4899999998,0.2189665239868302,3612795.988571428,4934576.1899999995,4288587.756666667,645988.4333333333
2015-10-12,4956524.37,4081540.58,874983.79,0.1765317235795211,3676936.3414285714,4934769.001,4277833.214333334,656935.7866666667
2015-10-13,5498991.17,4432958.2,1066032.9699999997,0.19385973482114172,3864078.1457142862,4915940.348333334,4247821.892666667,668118.4556666667
2015-10-14,3411355.27,2666618.8,744736.4700000002,0.2183110262801799,3861915.551428572,4831264.620333333,4161980.1573333335,669284.463
2015-10-15,3768908.71,2948986.13,819922.5800000001,0.217549068732949,3938338.341428571,4813896.405,4134961.0243333336,678935.3806666668
2015-10-16,3821540.36,2987369.39,834170.9699999997,0.21828134506474237,4017415.5728571424,4788677.804333333,4099620.2276666667,689057.5766666667
2015-10-17,3662021.88,2894880.7,767141.1799999997,0.20948568991073307,4057975.442857143,4766677.108666668,4066439.807666667,700237.3010000001
2015-10-18,4235369.07,3332133.13,903235.9400000004,0.2132602673041668,4193530.118571429,4753628.398,4039992.5796666667,713635.8183333334
2015-10-19,6150586.07,4953145.42,1197440.6500000004,0.19468724384504066,4364110.361428572,4796435.486666666,4060491.516333333,735943.9703333334
2015-10-20,5151254.9,4073078.24,1078176.6600000001,0.20930369025225293,4314433.7514285715,4769131.477,4022940.246333333,746191.2306666668
2015-10-21,3861128.76,3112793.66,748335.0999999996,0.1938125212897587,4378687.107142857,4716850.770333333,3962601.620666667,754249.1496666668
2015-10-22,3503062.58,2822517.81,680544.77,0.1942713709670582,4340709.088571428,4700639.068000001,3939664.0696666664,760974.9983333334
2015-10-23,4220053.16,3535441.18,684611.98,0.16222828339915982,4397639.488571429,4691567.648666667,3919613.81,771953.8386666666
2015-10-24,3836294.44,2963519.26,872775.1800000002,0.22750474283199185,4422535.568571429,4653104.680333333,3867303.863666667,785800.8166666667
2015-10-25,4371735.18,3592252.8,779482.3799999999,0.1783004568908952,4442016.441428571,4616964.191666666,3829102.4733333336,787861.7183333334
2015-10-26,5670407.54,4548016.77,1122390.7700000005,0.19793828963482235,4373419.508571428,4585241.514333334,3788290.907666667,796950.6066666667
2015-10-27,5227347.01,4220293.85,1007053.1600000001,0.1926509103132987,4384289.8100000005,4441908.758666667,3647457.8216666663,794450.937
2015-10-28,7029977.95,5631491.38,1398486.5700000003,0.1989318572471483,4836982.551428571,4404185.597,3586851.1853333334,817334.4116666667
2015-10-29,7420192.54,6015934.85,1404257.6900000004,0.18924814719160918,5396572.545714286,4413192.667666667,3576374.647,836818.0206666667
2015-10-30,7246849.63,5898873.81,1347975.8200000003,0.18600852630082795,5828972.041428572,4446567.848333333,3589369.304666667,857198.5436666667
2015-10-31,5833943.99,4766615.28,1067328.71,0.18295148390685867,6114350.548571429,4463425.755666667,3595600.5926666665,867825.1630000002
2015-11-01,5794071.48,4691433.96,1102637.5200000005,0.19030443856381288,6317541.448571429,4584176.819666667,3692096.3396666665,892080.4800000001
2015-11-02,2770297.66,2300656.83,469640.8300000001,0.169527208855961,5903240.037142858,4540795.112333333,3660531.8663333333,880263.246
2015-11-03,2095237.3,1642341.12,452896.17999999993,0.21615507704067694,5455795.792857143,4494224.098,3619552.3436666667,874671.7543333335
2015-11-04,2658412.16,2230527.42,427884.7400000002,0.16095500405776064,4831286.394285714,4432586.44,3571300.0439999998,861286.3960000001
2015-11-05,2550367.78,2095931.27,454436.5099999998,0.17818469695378594,4135597.1428571427,4377965.414666667,3527303.1709999996,850662.2436666668
2015-11-06,3113759.4,2524846.93,588912.4699999997,0.18913229776199142,3545155.681428571,4367540.947000001,3518022.1146666664,849518.8323333334
2015-11-07,2523233.52,2111797.74,411435.7799999998,0.16305893875411095,3072197.042857143,4343850.425,3500377.9733333336,843472.4516666667
2015-11-08,4183206.42,3467217.26,715989.1600000001,0.17115797981587536,2842073.4628571426,4374357.314333334,3527180.2243333333,847177.09
2015-11-09,3409517.01,2730600.71,678916.2999999998,0.19912389291760707,2933390.512857143,4375404.455,3528022.3443333334,847382.1106666666
2015-11-10,3237404.66,2600539.96,636864.7000000002,0.19672075841146167,3096557.2785714283,4373768.399,3529145.148,844623.251
2015-11-11,2928494.89,2445001.94,483492.9500000002,0.16509946855328136,3135140.5257142857,4306167.416333334,3474593.86,831573.5563333334
2015-11-12,3900732.76,3072175.13,828557.6299999999,0.2124107650994271,3328049.8085714285,4252892.136,3429234.424333333,823657.7116666667
2015-11-13,3144926.75,2547598.28,597328.4700000002,0.1899339849489341,3332502.287142857,4244011.185333333,3425267.0736666666,818744.1116666667
2015-11-14,4369752.69,3445998.98,923753.7100000004,0.21139725186598612,3596290.7399999998,4264039.318,3441834.168666667,822205.1493333334
2015-11-15,4297274.47,3488973.66,808300.8099999996,0.18809615621317285,3612586.1757142856,4279897.121666667,3458554.3109999998,821342.8106666667
2015-11-16,4316238.63,3541079.15,775159.48,0.1795914328304874,3742117.8357142857,4301704.346666667,3480094.2593333335,821610.0873333333
2015-11-17,3035948.85,2418023.08,617925.77,0.20353629146288152,3713338.4342857143,4261723.672666666,3449623.9243333335,812099.7483333333
2015-11-18,3208924.12,2787131.03,421793.0900000003,0.13144377187703657,3753399.7528571426,4163668.2743333336,3377423.444666667,786244.8296666668
2015-11-19,2934934.24,2722267.8,212666.4400000004,0.07246037648870811,3615428.535714286,4089790.9189999998,3332396.43,757394.4890000001
2015-11-20,3389498.76,3170548.9,218949.85999999987,0.0645965304911337,3650367.3942857147,4074069.919,3334321.604666666,739748.3143333333
2015-11-21,2291920.41,2320486.62,-28566.209999999963,-0.012463875218075291,3353534.2114285715,4033698.513333333,3317587.231666667,716111.2816666667
2015-11-22,3070301.17,3152837.2,-82536.03000000026,-0.02688206316906698,3178252.3114285716,3995373.4469999997,3304833.7656666664,690539.6813333334
2015-11-23,2329823.55,2370762.85,-40939.30000000028,-0.017571845730549113,2894478.7285714285,3945157.7506666663,3285075.218666666,660082.532
2015-11-24,1994420.05,2017128.44,-22708.389999999898,-0.011385961548070025,2745688.9,3865913.913,3232571.073333333,633342.8396666667
2015-11-25,1994246.64,2069297.94,-75051.30000000005,-0.037633910718285105,2572163.5457142857,3743375.216333333,3149947.1123333336,593428.104
2015-11-26,3361942.92,3392781.25,-30838.330000000075,-0.009172770250364655,2633164.785714286,3681195.0799999996,3122363.359,558831.7210000001
2015-11-27,5242225.8,5137790.23,104435.56999999937,0.019921990006611195,2897840.077142857,3621603.341666667,3105906.6539999996,515696.68766666664
2015-11-28,5114979.4,5281806.7,-166827.2999999998,-0.03261543927234581,3301134.2185714287,3544762.9036666667,3081435.7156666666,463327.188
2015-11-29,5018236.03,4955536.7,62699.330000000075,0.012494296726015111,3579410.6271428573,3470475.783666667,3049991.1453333334,420484.63833333337
2015-11-30,4031497.64,4065929.95,-34432.310000000056,-0.0085408235536013,3822506.9257142856,3410394.2386666667,3026634.9676666665,383759.27099999995
2015-12-01,3221463.05,3262618.05,-41155.0,-0.012775251294594238,3997798.782857143,3324640.6243333337,2979007.770666667,345632.85366666666
2015-12-02,953639.35,978207.15,-24567.800000000047,-0.02576215002034055,3849140.598571428,3264085.3473333335,2934926.1146666673,329159.2326666667
2015-12-03,1852279.15,1907081.99,-54802.840000000084,-0.029586706733701607,3633474.345714286,3255986.742333333,2943750.8103333334,312235.932
2015-12-04,2076429.7,2095572.96,-19143.26000000001,-0.009219315250595776,3181217.7600000002,3236587.327,2939252.328333333,297334.9986666666
2015-12-05,2287846.3,2292826.58,-4980.280000000261,-0.002176842036984854,2777341.602857143,3227836.611,2945815.5053333337,282021.10566666664
2015-12-06,2028034.94,2013778.51,14256.429999999935,0.007029676717502676,2350170.0185714285,3191645.7956666662,2928779.891333333,262865.9043333333
2015-12-07,2286683.02,2364273.69,-77590.66999999993,-0.033931537218481606,2100910.787142857,3183760.779,2937195.7563333334,246565.02266666666
2015-12-08,2785090.6,2715044.46,70046.14000000013,0.02515039905703611,2038571.8657142855,3137156.9183333335,2912123.3296666667,225033.58866666665
2015-12-09,1648123.41,1664248.89,-16125.479999999981,-0.009784145957856386,2137783.8742857142,3078443.7983333333,2876578.2690000003,201865.52933333334
2015-12-10,2450848.03,2579079.6,-128231.5700000003,-0.05232130610725803,2223293.714285714,3052225.244,2875862.9236666663,176362.3203333333
2015-12-11,2027594.98,1955884.16,71710.82000000007,0.03536742826222625,2216317.3257142855,3022195.247,2859558.9976666663,162636.24933333328
2015-12-12,2888573.7,2824587.14,63986.560000000056,0.02215161067207669,2302135.525714286,2988456.611666667,2851306.0646666666,137150.54699999996
2015-12-13,3442735.4,3382073.59,60661.810000000056,0.01762023593216024,2504235.5914285714,2998383.566666667,2879121.908333333,119261.6583333333
2015-12-14,3272227.86,3176504.37,95723.48999999976,0.02925330817273824,2645027.7114285715,2961799.4056666666,2870138.7546666665,91660.65099999994
2015-12-15,3089177.63,3106617.67,-17440.040000000037,-0.0056455283861420544,2688468.715714286,2921529.511,2857393.555,64135.95599999996
2015-12-16,2310884.14,2367574.49,-56690.35000000009,-0.024531887609043044,2783148.8200000003,2854684.3613333334,2818276.733,36407.62833333329
2015-12-17,2671287.02,2646046.82,25240.200000000186,0.009448703868594466,2814640.104285714,2842528.967,2825877.524333333,16651.44266666663
2015-12-18,2923802.97,2954646.8,-30843.82999999961,-0.010549216317404455,2942669.817142857,2833024.9286666666,2831461.3833333333,1563.545333333298
2015-12-19,2965218.72,3081409.43,-116190.70999999996,-0.03918453273490731,2953619.1057142853,2834034.4113333332,2843432.7709999997,-9398.359666666714
2015-12-20,3613917.61,3711607.1,-97689.49000000022,-0.027031465722872478,2978073.7071428574,2841515.0396666666,2861468.0443333336,-19953.00466666672
2015-12-21,5050481.76,5131271.18,-80789.41999999993,-0.01599637892762134,3232109.978571429,2933467.084666667,2955160.863,-21693.778333333383
2015-12-22,3719442.83,3727031.54,-7588.709999999963,-0.002040281393436544,3322147.864285714,2955105.14,2974300.6743333335,-19195.534333333373
2015-12-23,3656481.63,3646146.76,10334.870000000112,0.002826452050300636,3514376.077142857,2999327.076,3016813.4713333333,-17486.39533333336
2015-12-24,2398336.72,2262884.17,135452.55000000028,0.056477703431067956,3475383.177142857,3012790.9650000003,3025005.3289999994,-12214.364000000021
2015-12-25,3229207.58,3048061.85,181145.72999999998,0.05609603146044888,3519012.4071428576,3053956.3296666667,3057630.7926666667,-3674.4630000000197
2015-12-26,3645783.09,3633106.61,12676.479999999981,0.00347702528841341,3616235.888571429,3063417.668666667,3065641.638,-2223.969333333351
2015-12-27,5096354.17,5095420.51,933.660000000149,0.00018320155327826226,3828012.5399999996,3058555.281,3064229.3140000002,-5674.032999999992
2015-12-28,8179976.67,8163764.62,16212.049999999814,0.0019819188555216033,4275083.241428571,3160721.856666667,3160294.578,427.27866666666233
2015-12-29,7760149.23,7689336.24,70812.99000000022,0.009125209825378606,4852327.012857144,3252118.9633333334,3251421.229333333,697.7340000000006
2015-12-30,5941753.52,5888436.34,53317.1799999997,0.008973307260311886,5178794.425714285,3315794.1593333334,3312171.442333333,3622.7169999999924
2015-12-31,6375571.66,6217888.06,157683.60000000056,0.024732464539501474,5746970.845714286,3420931.113,3410680.4426666666,10250.670333333344
2016-01-01,5846204.33,5354701.23,491503.0999999996,0.08407217268781292,6120827.524285714,3584016.612333333,3556563.5786666665,27453.033666666666
2016-01-02,2558616.91,2072521.54,486095.3700000001,0.18998364628177186,5965518.069999999,3607561.2043333333,3562078.2303333334,45482.97400000001
2016-01-03,2744446.82,2169775.39,574671.4299999997,0.2093942669291729,5629531.305714285,3629828.441666667,3564551.6446666666,65276.797
2016-01-04,2387838.0,1861702.6,526135.3999999999,0.22033965453267765,4802082.9242857145,3633161.4983333335,3550180.845333333,82980.65299999999
2016-01-05,1557710.07,1249444.02,308266.05000000005,0.19789693598116115,3916020.187142857,3617484.0026666666,3524703.029,92780.97366666669
2016-01-06,2337143.16,1917221.35,419921.81000000006,0.17967312280519437,3401075.85,3619166.007333333,3509801.2843333334,109364.723
2016-01-07,2503287.51,2024858.69,478428.81999999983,0.19112020416703948,2847892.3999999994,3609772.571,3486795.0919999997,122977.47899999999
2016-01-08,2738103.45,2202044.96,536058.4900000002,0.1957772961427006,2403877.9885714287,3646105.239,3504721.6276666666,141383.61133333333
2016-01-09,3026961.32,2446095.09,580866.23,0.1918974736023386,2470784.3328571427,3665309.0153333335,3500288.810666667,165020.2046666667
2016-01-10,4122392.05,3201417.67,920974.3799999999,0.2234077615204017,2667633.6514285714,3735135.584333333,3541806.5943333334,193328.98999999996
2016-01-11,3434076.67,2780091.13,653985.54,0.1904399938746854,2817096.318571429,3753319.0166666666,3540323.3940000003,212995.62266666666
2016-01-12,2627637.47,2110300.27,517337.2000000002,0.19688301978735298,2969943.09,3726149.0856666667,3497930.95,228218.13566666667
2016-01-13,2268324.18,1914275.35,354048.8300000001,0.15608387598284124,2960111.807142857,3692685.6296666665,3455856.649333333,236828.98033333334
2016-01-14,3247398.41,2705497.94,541900.4700000002,0.16687218554128694,3066413.3642857145,3697959.6556666666,3442485.9916666667,255473.66400000002
2016-01-15,3532606.36,3003599.85,529006.5099999998,0.1497496341483119,3179913.7800000003,3738683.7296666666,3463686.837,274996.8926666667
2016-01-16,3856871.3,3138016.53,718854.77,0.18638287723004915,3298472.3485714286,3778203.205666667,3480085.8273333334,298117.3783333333
2016-01-17,4229318.34,3477169.21,752149.1299999999,0.17784169209641473,3313747.532857143,3821720.3846666664,3497503.2409999995,324217.1436666667
2016-01-18,4105149.52,3409714.29,695435.23,0.1694055786791415,3409615.0828571427,3859718.078,3508446.7363333334,351271.3416666667
2016-01-19,2818234.03,2313238.83,504995.1999999997,0.17918852537594251,3436843.1628571427,3833195.2920000004,3461834.4606666663,371360.8313333334
2016-01-20,2842888.66,2294689.37,548199.29,0.19283178328904377,3518923.802857143,3759608.8553333334,3367281.733666667,392327.12166666664
2016-01-21,3981191.66,3293021.93,688169.73,0.17285521240140445,3623751.41,3768333.816333333,3352814.7466666666,415519.0696666667
2016-01-22,3322730.4,2667153.86,655576.54,0.19730055137786684,3593769.13,3757208.7753333333,3320181.65,437027.1253333333
2016-01-23,3998813.29,3324513.23,674300.06,0.1686250422559739,3614046.557142857,3810557.9943333333,3355569.2853333335,454988.709
2016-01-24,4734624.57,3904936.72,829687.8500000001,0.17523836108509022,3686233.1614285717,3860738.560666667,3384131.781,476606.7796666667
2016-01-25,5007306.32,4047871.63,959434.6900000004,0.19160694966230873,3815112.7042857143,3906122.6683333335,3397957.2816666663,508165.38666666666
2016-01-26,3544741.3,2876880.62,667860.6799999997,0.18840886357489606,3918899.457142857,3854402.2393333334,3324005.952,530396.2873333333
2016-01-27,4728554.45,3994526.08,734028.3700000001,0.15523314318607456,4188280.2842857144,3739354.832,3185031.334,554323.498
2016-01-28,6717660.92,5529962.06,1187698.8600000003,0.17680244271692122,4579204.464285715,3704605.221666666,3113052.194666667,591553.0270000001
2016-01-29,5013253.01,4078543.96,934709.0499999998,0.18644761158783005,4820707.694285714,3673655.2046666667,3052722.448666667,620932.7559999999
2016-01-30,6920879.78,5546795.93,1374083.8500000006,0.19854178857012317,5238145.764285714,3691832.142,3030352.711,661479.431
2016-01-31,6449751.32,5251383.47,1198367.8500000006,0.18580062866671898,5483163.871428572,3711950.375,3026908.7856666665,685041.5893333334
2016-02-01,5200767.32,4131331.82,1069435.5000000005,0.2056303299490815,5510801.157142857,3800022.0553333336,3095535.7950000004,704486.2603333334
2016-02-02,2966994.87,2413250.92,553743.9500000002,0.1866346165943995,5428265.952857143,3807440.323666667,3103651.6459999997,703788.6776666667
2016-02-03,2273911.2,1841992.31,431918.89000000013,0.18994536374155688,5077602.631428571,3803642.7636666666,3102994.636333333,700648.1273333334
2016-02-04,2819439.59,2305544.16,513895.4299999997,0.1822686436775188,4520713.87,3845700.4143333337,3138197.974333333,707502.4400000001
2016-02-05,3680939.41,2987435.62,693503.79,0.18840402211347457,4330383.355714286,3890493.6226666663,3173871.783333333,716621.8393333333
2016-02-06,4735761.79,3973322.09,762439.7000000002,0.1609962100733112,4018223.6428571427,3964909.4320000005,3238820.5633333335,726088.8686666668
2016-02-07,4032333.88,3144310.26,888023.6200000001,0.2202257170232144,3672878.2942857146,4008050.4463333334,3270229.4066666667,737821.0396666668
2016-02-08,3848593.44,3120549.68,728043.7599999998,0.18917138724842802,3479710.597142857,4035438.1836666665,3292711.226333333,742726.9573333334
2016-02-09,3979641.11,3286349.1,693292.0099999998,0.17420968143531912,3624374.345714286,4030679.8189999997,3295542.2739999997,735137.545
2016-02-10,3448601.24,2764263.83,684337.4100000001,0.19843912426361016,3792187.208571429,4031163.9713333333,3295014.6973333335,736149.2740000001
2016-02-11,3717348.88,3000678.76,716670.1200000001,0.19279065353693683,3920459.964285714,4067487.685,3324693.9803333334,742793.7046666667
2016-02-12,4035900.93,3269439.67,766461.2600000002,0.1899108212252376,3971168.7528571426,4126406.9100000006,3369866.1243333337,756540.7856666668
2016-02-13,4701818.64,3727060.93,974757.7099999995,0.20731503799559559,3966319.731428571,4174887.584333333,3403918.224,770969.3603333333
2016-02-14,4925684.12,4030980.54,894703.5800000001,0.18164047027847172,4093941.194285714,4221323.509666666,3438164.247,783159.2626666668
2016-02-15,4588032.77,3702428.02,885604.7499999995,0.19302493996789818,4199575.3842857145,4245695.558666666,3456977.9633333334,788717.5953333335
2016-02-16,3941056.12,3209642.29,731413.8300000001,0.18558828083879203,4194063.2428571424,4236086.818,3448060.3993333336,788026.4186666667
2016-02-17,2962078.99,2374063.71,588015.2800000003,0.19851438195441243,4124560.064285714,4197984.466999999,3413538.7133333334,784445.7536666668
2016-02-18,4009498.5,3301336.9,708161.6000000001,0.17662099137834822,4166295.7242857143,4237693.282666666,3446475.3156666667,791217.9670000002
2016-02-19,4571419.08,3665043.13,906375.9500000002,0.19827015072090048,4242798.317142857,4295310.963333334,3492153.774333333,803157.189
2016-02-20,5176883.79,4193086.14,983797.6499999999,0.19003664944157456,4310664.767142857,4335167.367666666,3522155.9146666666,813011.453
2016-02-21,4758472.96,3843027.26,915445.7000000002,0.19238224272687685,4286777.458571428,4383025.453,3561351.694666667,821673.7583333333
2016-02-22,4721935.01,3825599.58,896335.4299999997,0.18982375405459037,4305906.35,4407129.510333333,3578054.573,829074.9373333334
2016-02-23,4550216.22,3722357.32,827858.8999999999,0.18193836511795475,4392929.221428571,4400982.565333333,3571968.5930000003,829013.9723333333
2016-02-24,5790273.07,4665515.38,1124757.6900000004,0.1942495071307579,4796956.947142857,4427081.457,3592556.7180000003,834524.7390000001
2016-02-25,7677182.49,6237906.21,1439276.2800000003,0.18747454315105128,5320911.802857143,4564829.496666667,3704590.904333333,860238.5923333333
2016-02-26,7096236.89,5762106.77,1334130.12,0.18800529642408825,5681600.061428571,4643752.244666667,3763510.260666667,880241.984
2016-02-27,6837275.28,5301081.64,1536193.6400000006,0.2246792146125204,5918798.845714286,4647739.390000001,3755880.9133333336,891858.4766666667
2016-02-28,5117740.12,4142676.19,975063.9300000002,0.19052626884852453,5970122.725714286,4651222.293666666,3758018.654333333,893203.6393333335
2016-02-29,3529083.59,2843903.05,685180.54,0.19415253918652578,5799715.38,4538162.420666667,3667922.225,870240.1956666667
2016-03-01,709982.79,623398.17,86584.62,0.12195312508913067,5251110.604285714,4346836.803,3513656.0483333333,833180.7546666667
2016-03-02,1479744.0,1243049.71,236694.29000000004,0.15995624243112325,4635320.737142857,4222802.692333333,3417379.9779999997,805422.7143333333
2016-03-03,2251060.05,1853979.92,397080.1299999999,0.1763969512941247,3860160.3885714286,4198938.198333333,3398737.6113333334,800200.587
2016-03-04,2778579.79,2305820.78,472759.01000000024,0.1701441188413741,3243352.231428571,4215760.484666667,3414198.5603333334,801561.9243333334
2016-03-05,3472294.22,2819038.04,653256.1800000002,0.1881338788162946,2762640.651428572,4237522.3056666665,3431315.023,806207.2826666667
2016-03-06,3501407.51,2754054.05,747353.46,0.21344372452094273,2531735.992857143,4231537.909,3423535.6373333335,808002.2716666667
2016-03-07,4275566.76,3544887.63,730679.1299999999,0.17089643806661084,2638376.445714285,4216198.074666667,3409254.4886666667,806943.5859999999
2016-03-08,4693887.34,3819333.06,874554.2799999998,0.1863176971776233,3207505.6671428573,4238249.856666666,3431755.2486666664,806494.6080000001
2016-03-09,5050829.68,4101613.27,949216.4099999997,0.18793276949303103,3717660.7642857144,4278324.398,3464457.368333333,813867.0296666666
2016-03-10,7374516.48,5983967.59,1390548.8900000006,0.18856136450046967,4449583.111428572,4391486.910333334,3554377.9846666665,837108.9256666668
2016-03-11,6281759.31,5065973.55,1215785.7599999998,0.19354223872674928,4950037.328571429,4485925.512666667,3631101.6419999995,854823.8706666667
2016-03-12,4673863.75,3853834.05,820029.7000000002,0.17545006526987444,5121690.118571429,4517809.341666667,3659540.1516666664,858269.1900000001
2016-03-13,4655322.31,3707033.48,948288.8299999996,0.20369993028474107,5286535.089999999,4538456.721,3674126.612,864330.1089999999
2016-03-14,5214530.57,4150309.08,1064221.4900000002,0.20408768837652055,5420672.777142857,4555547.118666667,3688234.883666666,867312.2350000001
2016-03-15,5319085.92,4384259.36,934826.5599999996,0.17574947539106486,5509986.859999999,4568660.512,3700010.8443333334,868649.6676666667
2016-03-16,6412758.35,5219744.05,1193014.2999999998,0.18603761983328124,5704548.098571428,4629484.698,3750588.0453333333,878896.6526666667
2016-03-17,8569336.81,6809198.69,1760138.12,0.20539957280544793,5875236.717142858,4783760.721,3870573.258666666,913187.4623333333
2016-03-18,6917674.02,5792586.92,1125087.0999999996,0.16263950812761768,5966081.675714285,4915613.888666666,3984524.0323333326,931089.8563333334
2016-03-19,5852909.53,4990341.15,862568.3799999999,0.1473742889034541,6134516.787142857,4977060.9229999995,4040824.174,936236.749
2016-03-20,4759469.17,3951071.76,808397.4100000001,0.16985033017873297,6149394.910000001,4983329.259333333,4050358.461666667,932970.7976666667
2016-03-21,5534732.74,4759221.87,775510.8700000001,0.14011713056988548,6195138.077142857,4995257.557666666,4069229.6526666665,926027.905
2016-03-22,5449314.63,4970365.56,478949.0700000003,0.08789161619761351,6213742.178571428,5018285.613333333,4106807.596,911478.0173333335
2016-03-23,6046593.49,5532819.27,513774.22000000067,0.08496920139408952,6161432.912857143,5062440.896,4163714.9189999998,898725.9770000001
2016-03-24,7933448.72,7157854.93,775593.79,0.09776250119884812,6070591.757142857,5175215.312666667,4278231.506,896983.8066666668
2016-03-25,7008643.3,6273523.88,735119.4199999999,0.10488754934924423,6083587.368571429,5215827.653666666,4331831.789333333,883995.8643333333
2016-03-26,5197781.65,4790136.82,407644.8300000001,0.07842669381850621,5989997.671428571,5133180.959,4283572.809666667,849608.1493333335
2016-03-27,6141114.6,5639995.87,501118.7299999995,0.08160061530198436,6187375.589999999,5101343.549333333,4279502.446333333,821841.103
2016-03-28,5291170.65,4853169.6,438001.05000000075,0.08277961135122351,6152581.005714285,5049806.7283333335,4264572.045,785234.6833333333
2016-03-29,7521778.94,6878616.36,643162.5800000001,0.08550671126211003,6448647.335714286,5129941.355666666,4355770.050666667,774171.305
2016-03-30,14545392.64,13412468.3,1132924.3399999999,0.07788887987007272,7662761.5,5497151.657333333,4708055.558999999,789096.0983333334
2016-03-31,14231299.73,12932629.87,1298669.8600000013,0.0912544802399437,8562454.501428572,5947862.222,5118363.282333333,829498.9396666667
2016-04-01,12298083.49,11254792.81,1043290.6799999997,0.08483359873498465,9318088.814285714,6308473.538333333,5452088.0523333335,856385.486
2016-04-02,13123488.4,12292938.79,830549.6100000013,0.0632872590492023,10450332.635714287,6670887.816666666,5800053.348,870834.4686666668
2016-04-03,10576481.39,9627706.26,948775.1300000008,0.08970612200925933,11083956.462857144,6930817.87,6044116.197333334,886701.6726666668
2016-04-04,4230255.21,3886345.44,343909.77,0.08129764114160858,10932397.114285713,6956083.236333334,6079693.110666666,876390.1256666668
2016-04-05,4598444.87,4315060.71,283384.16000000015,0.061626086212054586,10514777.961428571,6992651.148333334,6131726.666,860924.4823333335
2016-04-06,5873076.02,5465466.98,407609.0399999991,0.06940299063249639,9275875.587142857,7045901.4569999995,6195745.977666667,850155.4793333334
2016-04-07,5504606.21,5121344.12,383262.08999999985,0.06962570534178136,8029205.084285714,7072925.419333334,6239146.346333334,833779.0730000001
2016-04-08,4323869.8,3902265.35,421604.4499999997,0.09750627782547933,6890031.700000001,7048693.423333334,6232501.415666667,816192.0076666668
2016-04-09,4537873.44,4208365.26,329508.18000000063,0.07261290654240912,5663515.277142857,6954138.655333334,6173314.671333333,780823.984
2016-04-10,4898415.28,4517178.31,381236.97000000067,0.07782863399854506,4852362.975714286,6908027.187666668,6155021.496666666,753005.6910000001
2016-04-11,6193751.24,5553289.41,640461.8300000001,0.1034045129006505,5132862.408571429,6958690.104,6211670.008666666,747020.0953333335
2016-04-12,5962850.28,5477134.6,485715.68000000063,0.08145696390015693,5327777.467142858,7002274.369666667,6270673.379333334,731600.9903333335
2016-04-13,8636899.06,7772805.93,864093.1300000008,0.1000466862003596,5722609.33,7116353.319333333,6391423.274333333,724930.0450000003
2016-04-14,7184576.35,6220003.38,964572.9699999997,0.13425606786125946,5962605.064285713,7178536.333666666,6452614.741666666,725921.5920000002
2016-04-15,5910167.4,5244820.29,665347.1100000003,0.1125766945281449,6189219.007142857,7161783.302,6453450.616333334,708332.685666667
2016-04-16,7075518.69,5997253.75,1078264.9400000004,0.15239376606042154,6551739.757142858,7111989.364666667,6426385.785,685603.5796666669
2016-04-17,9065525.85,7747445.67,1318080.1799999997,0.14539478479342705,7147041.267142857,7183584.425666666,6491547.743333333,692036.6823333335
2016-04-18,7930420.94,6496267.7,1434153.2400000002,0.180842007107885,7395136.938571429,7252834.806,6541745.295,711089.5110000002
2016-04-19,9299472.01,7665794.67,1633677.3399999999,0.17567420367987105,7871797.185714285,7404168.234,6665569.392,738598.8420000002
2016-04-20,11470503.55,9220652.39,2249851.16,0.1961423184425064,8276597.827142856,7602027.260999999,6814283.742666666,787743.5183333334
2016-04-21,9681621.65,7780628.47,1900993.1800000006,0.19635069916205625,8633318.584285716,7743104.161666666,6907959.1729999995,835144.9886666668
2016-04-22,6442191.99,5276646.93,1165545.0600000005,0.1809236765699062,8709322.097142857,7756290.778333333,6899420.095,856870.6833333336
2016-04-23,8225755.2,6488166.41,1737588.79,0.21123760040901776,8873641.598571429,7766034.327666666,6877097.144333333,888937.1833333336
2016-04-24,8005992.5,6468446.01,1537546.4900000002,0.19204945420570907,8722279.691428572,7799279.301,6883594.548666667,915684.7523333336
2016-04-25,11068078.01,8923524.58,2144553.4299999997,0.1937602380523879,9170516.415714284,7994955.846333334,7021374.140666666,973581.705666667
2016-04-26,11387120.36,9133066.32,2254054.039999999,0.19794767849454778,9468751.894285714,8169822.705,7137809.822333334,1032012.8826666669
2016-04-27,16379722.53,13128158.81,3251563.719999999,0.19851152631216146,10170068.891428573,8539441.101,7413642.796000001,1125798.3050000002
2016-04-28,17388183.19,13978683.94,3409499.250000002,0.19608139693172866,11271006.254285714,8868321.242666667,7650311.715333333,1218009.5273333336
2016-04-29,16966030.5,13610990.42,3355040.08,0.1977504449258181,12774411.755714286,8949009.171333333,7656929.119333333,1292080.0520000004
2016-04-30,12874790.56,10476104.29,2398686.2700000014,0.18630876042771147,13438559.664285716,8903792.199,7575044.933333334,1328747.265666667
2016-05-01,11553720.73,9387796.08,2165924.6500000004,0.1874655533585846,13945377.982857144,8878980.107,7512811.709000001,1366168.3980000003
2016-05-02,8891959.72,7094979.67,1796980.0500000007,0.2020904397439174,13634503.941428572,8737929.151,7339546.405,1398382.746
2016-05-03,6609488.85,5263847.33,1345641.5199999996,0.203592373107642,12951985.154285714,8605696.066333333,7194084.440666666,1411611.6256666668
2016-05-04,6041365.35,4874007.55,1167357.7999999998,0.19322747961270045,11475076.985714287,8666066.404333333,7227006.510999999,1439059.8933333335
2016-05-05,6026491.95,4682705.07,1343786.88,0.22297995104764054,9851978.237142857,8713667.973666666,7239261.323,1474406.6506666667
2016-05-06,5884185.84,4692160.58,1192025.2599999998,0.20258117136558687,8268857.571428572,8714038.301,7213484.443,1500553.858
2016-05-07,5016235.82,3962154.52,1054081.3000000003,0.21013392069753217,7146206.894285714,8697759.288,7174844.789666667,1522914.4983333338
2016-05-08,4730903.12,3759762.75,971140.3700000001,0.20527589455266632,6171518.664285715,8711327.065333333,7170094.703,1541232.3623333336
2016-05-09,7307039.01,5990848.79,1316190.2199999997,0.18012634368021524,5945101.420000001,8803632.584333334,7229510.820666667,1574121.7636666668
2016-05-10,6636687.87,5216849.07,1419838.7999999998,0.2139378599403681,5948986.994285715,8861575.004,7252833.179333333,1608741.8246666668
2016-05-11,8452886.26,6878143.05,1574743.21,0.18629651003963704,6293489.981428572,8936879.504666667,7296994.967333334,1639884.5373333334
2016-05-12,10736290.28,8789857.02,1946433.2599999998,0.1812947684197674,6966318.314285713,9095994.171333333,7407419.0479999995,1688575.1233333335
2016-05-13,9817523.43,7817935.3,1999588.13,0.20367541205857861,7528223.684285714,9135348.317,7408923.360333334,1726424.9566666668
2016-05-14,7446413.22,6064015.7,1382397.5199999996,0.18564609284468364,7875391.884285714,9144076.212666666,7403723.771000001,1740352.441666667
2016-05-15,6413929.56,4998345.42,1415584.1399999997,0.2207046595628655,8115824.232857143,9160868.284666667,7395507.942,1765360.3426666667
2016-05-16,7701732.93,5993216.92,1708516.0099999998,0.2218352707797672,8172209.078571429,9181742.092666667,7395373.381,1786368.7116666667
2016-05-17,8631034.09,6848845.3,1782188.79,0.20648612569667188,8457115.68142857,9167259.034,7365420.035333334,1801838.9986666667
2016-05-18,8416389.92,6811181.17,1605208.75,0.19072414244800104,8451901.918571427,9183458.0,7375917.151,1807540.849
2016-05-19,11212790.37,9063577.59,2149212.7799999993,0.19167510575692673,8519973.36,9247235.278666668,7422509.915,1824725.363666667
2016-05-20,10058131.11,8217262.68,1840868.4299999997,0.18302291050568736,8554345.885714287,9200156.197333332,7389063.5913333325,1811092.606
2016-05-21,7447083.47,5895652.1,1551431.37,0.2083273775901427,8554441.635714287,9125671.591333333,7326231.045666666,1799440.5456666665
2016-05-22,7687940.04,6156525.22,1531414.8200000003,0.19919702963760372,8736443.132857142,9167196.526333334,7355560.322,1811636.2043333335
2016-05-23,8645211.05,7045764.67,1599446.3800000008,0.1850095238565634,8871225.721428571,9181178.388,7374146.930666667,1807031.4573333333
2016-05-24,8183351.87,6580079.91,1603271.96,0.19591873665820994,8807271.118571429,9187090.367,7377868.060666666,1809222.3063333335
2016-05-25,9916196.12,7860116.29,2056079.8299999991,0.20734561974355134,9021529.147142857,9148694.304,7342421.117666666,1806273.1863333334
2016-05-26,12748857.56,10440320.85,2308536.710000001,0.18107792789552515,9240967.317142857,9194085.544,7385996.268666666,1808089.2753333335
2016-05-27,10645860.16,8560911.95,2084948.210000001,0.19584591368519355,9324928.61,9002956.798333334,7233754.706666666,1769202.091666667
2016-05-28,7818417.53,6306590.85,1511826.6800000006,0.19336735013178563,9377976.332857143,8683964.609666668,6978018.270333333,1705946.3393333333
2016-05-29,6277386.71,4980964.03,1296422.6799999997,0.20652267255333703,9176468.714285715,8327676.483333333,6690350.724,1637325.7593333335
2016-05-30,15902645.06,12868500.26,3034144.8000000007,0.19079497709672208,10213245.001428572,8428604.966666667,6770097.256333333,1658507.7103333331
2016-05-31,15273734.62,12146387.51,3127347.1099999994,0.20475327009446231,11226156.822857141,8552605.429666666,6862050.3040000005,1690555.1256666665
2016-06-01,15027967.48,12020718.26,3007249.2200000007,0.20011017617666554,11956409.874285713,8757139.021666666,7026241.590333333,1730897.4313333335
2016-06-02,15450407.81,12454831.83,2995575.9800000004,0.19388329530442344,12342345.624285715,9051836.320333334,7265941.073666666,1785895.2466666666
2016-06-03,14905219.23,12099283.96,2805935.2699999996,0.1882518617607746,12950825.49142857,9347298.116333334,7506783.620666667,1840514.495666667
2016-06-04,3543917.94,2852864.04,691053.8999999999,0.19499715052657227,12340182.692857143,9264545.649333334,7445788.919666666,1818756.7296666666
2016-06-05,5281645.29,4151357.66,1130287.63,0.214002941874955,12197933.91857143,9244460.964333333,7427762.155666667,1816698.8086666667
2016-06-06,5164395.26,4100125.08,1064270.1799999997,0.20607837441164403,10663898.232857142,9249399.612333333,7432361.174333333,1817038.438
2016-06-07,6484605.21,5302528.24,1182076.9699999997,0.1822897357231713,9408308.317142857,9307856.348666666,7483786.690666666,1824069.658
2016-06-08,8622987.0,7158408.04,1464578.96,0.16984589678727335,8493311.105714286,9351721.281666666,7522705.332333333,1829015.9493333334
2016-06-09,6719422.7,5484927.09,1234495.6100000003,0.18372048688051731,7246027.518571429,9354479.109333333,7531641.266333333,1822837.843
2016-06-10,5856690.47,4774033.93,1082656.54,0.18485807736395535,5953380.552857143,9267939.249666667,7461504.295666667,1806434.9540000001
2016-06-11,5949391.29,4761365.56,1188025.7300000004,0.19968861890070783,6297019.602857143,9108375.95,7327221.2469999995,1781154.703
2016-06-12,6087764.33,4901187.37,1186576.96,0.1949117764221993,6412179.465714286,8984050.646666666,7229996.316000001,1754054.3306666666
2016-06-13,6889883.95,5491827.46,1398056.4900000002,0.2029143741963898,6658677.85,8965499.671,7210923.374666666,1754576.2963333332
2016-06-14,9141001.7,7338757.88,1802243.8199999994,0.19716042936519743,7038163.062857144,9056402.075666666,7288937.123333333,1767464.9523333334
2016-06-15,9864183.86,7853426.55,2010757.3099999996,0.20384426512504195,7215476.899999999,9128483.773333333,7350944.111,1777539.6623333332
2016-06-16,10058421.18,8220535.81,1837885.37,0.18272105901216598,7692476.682857143,9176063.343,7396667.1280000005,1779396.215
2016-06-17,5423957.08,4250810.07,1173147.0099999998,0.21628987705780292,7630657.627142857,9076315.581666667,7311321.424666666,1764994.1570000001
2016-06-18,7882351.1,6322388.46,1559962.6399999997,0.19790575428694107,7906794.742857143,8965300.939333333,7219948.453666667,1745352.4856666666
2016-06-19,7908073.31,6297385.32,1610687.9899999993,0.20367641103721626,8166838.882857142,8893632.345999999,7155952.541666667,1737679.8043333332
2016-06-20,7266335.58,5841977.09,1424358.4900000002,0.19602156744871949,8220617.687142857,8887607.416333335,7154163.374666667,1733444.0416666667
2016-06-21,8500049.69,6752198.15,1747851.539999999,0.20562839086179496,8129053.114285714,8914677.738,7174019.139,1740658.599
2016-06-22,10283795.21,8167871.69,2115923.5200000005,0.20575317543687263,8188997.592857143,8969297.21,7211422.706333334,1757874.5036666666
2016-06-23,9872888.2,7950198.34,1922689.8599999994,0.19474441734283993,8162492.881428571,9025615.087666666,7257093.320666667,1768521.767
2016-06-24,7881916.83,6508523.99,1373392.8399999999,0.1742460456792209,8513629.98857143,8957805.777999999,7212040.244,1745765.5339999998
2016-06-25,6886227.09,6096912.54,789314.5499999998,0.11462220744160789,8371326.558571428,8762384.762333333,7067259.967000001,1695124.7953333333
2016-06-26,6698524.32,6144242.3,554282.0200000005,0.08274688476461342,8198533.845714286,8630806.901,6986704.312,1644102.589
2016-06-27,6871506.56,6833479.69,38026.86999999918,0.005533993116059717,8142129.7,8599243.202,7004267.2733333325,1594975.9286666666
2016-06-28,8247984.99,8163713.72,84271.27000000048,0.01021719487877008,8106120.457142858,8664929.811333334,7110358.929666666,1554570.8816666666
2016-06-29,13343751.12,13303063.47,40687.64999999851,0.003049191313154416,8543257.015714286,8579633.346666668,7124844.370000001,1454788.9766666666
2016-06-30,11824115.33,11686500.64,137614.68999999948,0.011638476635190218,8822003.748571428,8464646.037,7109514.807666666,1355131.2293333332
2016-07-01,10173764.85,10138330.52,35434.330000000075,0.0034829122279153206,9149410.608571429,8302839.282666667,7046768.549666667,1256070.7329999998
2016-07-02,8800553.93,8597989.65,202564.27999999933,0.023017219326329306,9422885.871428572,8081177.486666667,6918207.143666667,1162970.3429999996
2016-07-03,6426683.62,6344095.57,82588.04999999981,0.012850803755607905,9384051.485714285,7798559.632999999,6726367.530666667,1072192.102333333
2016-07-04,1386571.93,1325944.63,60627.30000000005,0.043724597828833915,8600489.395714285,7726648.099333333,6675470.217000001,1051177.8823333331
2016-07-05,2748779.52,2677876.06,70903.45999999996,0.025794524254895482,7814888.614285714,7642219.240333334,6626354.1636666665,1015865.0766666664
2016-07-06,2703265.31,2729115.94,-25850.62999999989,-0.00956274247458156,6294819.212857143,7560181.575333334,6580653.859,979527.7163333332
2016-07-07,4517288.27,4518370.11,-1081.8400000007823,-0.00023948881172482323,5250986.775714286,7494604.344,6554515.2546666665,940089.0893333332
2016-07-08,3773827.56,3763622.72,10204.839999999851,0.0027041087166155124,4336710.0200000005,7332965.6959999995,6441355.744,891609.9519999998
2016-07-09,4051086.89,3956559.68,94527.20999999996,0.02333378981165224,3658214.728571429,7244021.169,6390410.1636666665,853611.0053333332
2016-07-10,4008532.54,3789183.06,219349.47999999998,0.054720643480169924,3312764.5742857144,7182415.904666666,6357581.801333333,824834.1033333332
2016-07-11,4094198.38,3954521.72,139676.65999999968,0.03411575283755539,3699568.3528571427,7120576.141,6330687.006666666,789889.134333333
2016-07-12,4373623.08,4271906.38,101716.70000000019,0.023256850931013512,3931688.8614285714,7063438.099333334,6309710.973666666,753727.1256666665
2016-07-13,3978100.94,3903887.84,74213.1000000001,0.01865540898014521,4113808.237142857,6966378.665666667,6256779.653,709599.0126666664
2016-07-14,5834657.65,5776926.66,57730.99000000022,0.009894494838099064,4302003.862857143,6856167.197333334,6204718.612333333,651448.5849999998
2016-07-15,5538171.41,5410397.02,127774.3900000006,0.023071584561157633,4554052.984285714,6711966.782333333,6123284.294666667,588682.4876666665
2016-07-16,4146739.21,3932641.54,214097.66999999993,0.05163036765941206,4567717.601428571,6514910.716666667,5980354.485666666,534556.2309999998
2016-07-17,4362617.65,4257377.15,105240.5,0.024123246280819497,4618301.188571429,6479532.735666666,5980573.388333334,498959.34733333316
2016-07-18,4037086.77,4032049.3,5037.470000000205,0.0012477982978800837,4610142.387142858,6351357.258,5904228.749666667,447128.5083333331
2016-07-19,4972014.76,4468539.05,503475.70999999996,0.10126190976955185,4695626.912857143,6253488.639666666,5843267.207333333,410221.43233333324
2016-07-20,5743038.13,4989427.8,753610.3300000001,0.13122154388342883,4947760.797142858,6202712.057999999,5814848.897666667,387863.16033333325
2016-07-21,6234589.1,5454135.01,780454.0899999999,0.12518131948743821,5004893.861428572,6127196.705,5771580.126333333,355616.5786666666
2016-07-22,6429688.49,5405412.2,1024276.29,0.1593041858237832,5132253.444285714,5998726.481,5679498.143333334,319228.3376666665
2016-07-23,5794840.19,4693760.16,1101080.0300000003,0.19001042201303572,5367696.441428572,5862791.547333333,5570950.204,291841.3433333332
2016-07-24,4992598.4,3988427.93,1004170.4700000002,0.20113183347573083,5457693.691428572,5766480.933,5486947.002,279533.9309999999
2016-07-25,6602810.86,5210533.01,1392277.8500000006,0.21086138608550123,5824225.704285714,5757033.725333334,5457401.017666667,299632.7076666666
2016-07-26,7851989.46,6298482.2,1553507.2599999998,0.19784887230350406,6235650.661428572,5795482.563333333,5462542.347666667,332940.21566666657
2016-07-27,7880563.86,6294203.51,1586360.3500000006,0.20130036101249238,6541011.4799999995,5829117.806666668,5444566.475,384551.3316666666
2016-07-28,10561338.25,8364736.75,2196601.5,0.2079851480942768,7159118.501428572,5906229.582,5451267.242666666,454962.3393333333
2016-07-29,9786083.49,8009568.05,1776515.4400000004,0.18153487468355947,7638603.501428572,5787640.661,5274817.395333334,512823.2656666667
2016-07-30,6346290.87,5035247.55,1311043.3200000003,0.20658418387305974,7717382.170000001,5605046.5123333335,5053108.959000001,551937.5533333333
2016-07-31,11015269.56,8901256.98,2114012.58,0.19191655442338534,8577763.764285715,5633096.669333333,5011873.174333333,621223.495
2016-08-01,10793582.2,8684114.27,2109467.9299999997,0.1954372414007279,9176445.384285714,5699530.944999999,5014743.995000001,684786.95
2016-08-02,9744357.22,7715286.95,2029070.2700000005,0.20823028386473708,9446783.635714287,5810120.065,5060450.374333333,749669.6906666667
2016-08-03,9904285.99,7903743.51,2000542.4800000004,0.2019875518558204,9735886.797142858,6094043.867000001,5279710.336999999,814333.53
2016-08-04,9495153.07,7445312.45,2049840.62,0.2158828409492929,9583574.62857143,6318922.985333334,5438624.883333334,880298.1020000001
2016-08-05,5608281.75,4405172.77,1203108.9800000004,0.2145236337314901,8986745.808571428,6415756.866666666,5494493.444333333,921263.4223333334
2016-08-06,3417126.9,2778007.61,639119.29,0.18703411043938697,8568293.812857144,6379084.821,5436481.3610000005,942603.4600000002
2016-08-07,4427581.45,3417549.23,1010032.2200000002,0.228122786990175,7627195.511428571,6400876.617333334,5424945.578,975931.0393333336
2016-08-08,4350104.4,3457274.61,892829.7900000005,0.20524330174696506,6706698.682857143,6410843.867666666,5408302.742333334,1002541.1253333335
2016-08-09,5367433.58,4307308.14,1060125.4400000004,0.1975106769742273,6081423.877142857,6456140.569,5425573.578333333,1030566.9906666669
2016-08-10,6219835.93,4989664.4,1230171.5299999993,0.19778199036835356,5555073.868571429,6526995.154,5460078.334333333,1066916.8196666667
2016-08-11,6515630.05,5260377.53,1255252.5199999996,0.1926525156227984,5129427.722857143,6598395.386333333,5493027.372666667,1105368.0136666668
2016-08-12,6119372.31,4890673.79,1228698.5199999996,0.20078832562485477,5202440.659999999,6669771.098666667,5525920.2376666665,1143850.8610000003
2016-08-13,4911652.24,4032826.41,878825.8300000001,0.17892672100091517,5415944.28,6639004.251666666,5467783.562666667,1171220.689
2016-08-14,4133214.74,3276890.85,856323.8900000001,0.2071810791035745,5373891.892857143,6592172.3626666665,5396666.690333334,1195505.6723333334
2016-08-15,5605211.59,4497185.08,1108026.5099999998,0.19767790960412251,5553192.92,6640788.108666668,5415484.808333334,1225303.3003333334
2016-08-16,5622571.31,4439845.57,1182725.7399999993,0.21035317736148007,5589641.167142858,6682786.564,5421567.089,1261219.4750000003
2016-08-17,5481191.48,4224740.02,1256451.460000001,0.2292296236292042,5484120.531428571,6730923.387666667,5427990.113,1302933.2746666668
2016-08-18,9528740.46,7920089.68,1608650.7800000012,0.1688209251529977,5914564.875714286,6882814.244333333,5543041.800666667,1339772.443666667
2016-08-19,6546299.57,5278113.04,1268186.5300000003,0.19372570968364655,5975554.484285714,6909589.625666667,5552664.642,1356924.9836666668
2016-08-20,5781551.94,4564247.81,1217304.1300000008,0.2105497179015226,6099825.87,6894488.386999999,5523001.735333334,1371486.6516666668
2016-08-21,6521389.47,5328696.02,1192693.4500000002,0.1828894678789979,6440993.68857143,6897545.0863333335,5520444.5293333335,1377100.5570000003
2016-08-22,5219998.72,4287522.68,932476.04,0.17863530050827295,6385963.278571429,6878383.704,5506903.279999999,1371480.424
2016-08-23,4815121.42,3868404.84,946716.5800000001,0.1966132309909643,6270613.294285715,6872467.804666667,5502902.510333333,1369565.2943333336
2016-08-24,6292751.73,5100249.41,1192502.3200000003,0.18950411062856284,6386550.472857143,6862132.500333333,5499226.390333333,1362906.11
2016-08-25,8794928.73,6977759.11,1817169.62,0.2066156163155173,6281720.225714286,6893563.809333335,5521868.954,1371694.8553333336
2016-08-26,5680360.34,4488665.83,1191694.5099999998,0.20979206224089647,6158014.621428572,6820223.692,5461684.364666667,1358539.3273333337
2016-08-27,4561647.77,3662367.33,899280.4399999995,0.19713938588467553,5983742.597142858,6620234.009333333,5304938.717333334,1315295.2920000001
2016-08-28,15158669.18,12249721.23,2908947.9499999993,0.19189995608836152,7217639.698571429,6799320.199,5446277.156666666,1353043.0423333335
2016-08-29,14043471.1,11328872.12,2714598.9800000004,0.19329971633579968,8478135.752857143,7055892.873333333,5656064.642333332,1399828.231
2016-08-30,13812380.3,11037531.68,2774848.620000001,0.20089575871292806,9763458.450000001,7149129.898,5727273.799,1421856.0990000002
2016-08-31,12534594.92,10091516.93,2443077.99,0.19490681634249415,10655150.334285716,7207163.655333334,5774187.221,1432976.4343333333
2016-09-01,12403544.62,10116739.78,2286804.84,0.18436704265268325,11170666.889999999,7295803.235333334,5854235.648666667,1441567.5866666667
2016-09-02,2363186.38,2197302.32,165884.06000000006,0.07019508126989123,10696784.895714285,7044433.248333333,5664020.942333334,1380412.3060000003
2016-09-03,2854708.14,2576390.08,278318.06000000006,0.09749440095126503,10452936.377142858,6823085.084000001,5501723.529999999,1321361.554
2016-09-04,2911393.7,2610346.46,301047.2400000002,0.1034031364428659,8703325.594285715,6733188.815666666,5441895.986333334,1291292.8293333335
2016-09-05,4157930.98,3683805.93,474125.0499999998,0.11402908135815179,7291105.577142857,6757882.284999999,5472089.263666666,1285793.0213333333
2016-09-06,4457820.99,4021959.96,435861.03000000026,0.09777445774017055,5954739.961428571,6758890.269666667,5492236.288000001,1266653.9816666667
2016-09-07,2727504.52,2482230.36,245274.16000000015,0.08992621577763697,4553727.047142857,6704803.607,5459734.812999999,1245068.794
2016-09-08,2950156.73,2710099.28,240057.4500000002,0.08137108363052975,3203243.062857143,6624227.712,5406494.517666667,1217733.1943333333
2016-09-09,4080455.52,3550531.35,529924.1699999999,0.12986887552201523,3448567.2257142854,6552915.031666667,5358523.415999999,1194391.6156666665
2016-09-10,3383667.97,3081087.79,302580.18000000017,0.0894237208504829,3524132.915714286,6448516.295666667,5285880.424666667,1162635.871
2016-09-11,4791697.67,4209772.35,581925.3200000003,0.12144449839632732,3792747.7685714285,6404260.474333333,5263183.71,1141076.7643333334
2016-09-12,5675073.45,5130706.55,544366.9000000004,0.09592244132100182,4009482.4071428576,6429707.848000001,5299779.714666666,1129928.1333333333
2016-09-13,5639925.61,5076124.78,563800.8300000001,0.09996600469345553,4178354.495714286,6479931.543666666,5359754.179,1120177.3646666668
2016-09-14,4385149.48,3911967.05,473182.43000000063,0.1079056557041245,4415160.918571429,6439262.806666667,5340246.911333334,1099015.8953333336
2016-09-15,3714513.35,3311188.02,403325.3300000001,0.10858093429654792,4524354.721428571,6375660.874666667,5302624.993000001,1073035.8816666668
2016-09-16,4018602.31,3556568.41,462033.8999999999,0.11497378052320881,4515518.548571429,6326907.902333334,5280352.606000001,1046555.2963333336
2016-09-17,4431680.09,3843688.85,587991.2399999998,0.13267908063282605,4665234.565714286,6157005.89,5144472.578333333,1012533.3116666669
2016-09-18,4942620.63,4382989.7,559630.9299999997,0.11322554812385019,4686794.988571429,6103549.925333334,5114635.133666666,988914.7916666667
2016-09-19,5350877.2,4783146.79,567730.4100000001,0.10610043713954044,4640481.238571429,6089194.100666667,5121931.766333333,967262.3343333334
2016-09-20,4950112.24,4381290.5,568821.7400000002,0.11491087725315906,4541936.471428571,6036818.193000001,5090351.582333333,946466.6106666666
2016-09-21,4415854.52,4042078.78,373775.73999999976,0.0846440339705756,4546322.905714286,6010013.386333333,5082170.119000001,927843.2673333335
2016-09-22,3570383.96,3326231.28,244152.68000000017,0.06838275175311961,4525732.992857143,5968522.137666667,5064097.666999999,904424.4706666667
2016-09-23,4188287.62,3857859.5,330428.1200000001,0.07889336883697594,4549973.7514285715,5898373.334000001,5022684.67,875688.6640000001
2016-09-24,3669054.98,3149906.57,519148.41000000015,0.14149376687726825,4441027.3071428565,5727510.875666666,4895089.585333333,832421.2903333335
2016-09-25,5830714.93,5221915.5,608799.4299999997,0.10441248411367622,4567897.921428571,5732522.695333334,4919531.241,812991.4543333334
2016-09-26,6888617.97,6121949.95,766668.0199999996,0.11129489591944951,4787575.1742857145,5810088.368666667,5001517.328333333,808571.0403333335
2016-09-27,8489123.16,7795904.94,693218.2199999997,0.08165957860835178,5293148.162857143,5587770.168,4853056.785333334,734713.3826666668
2016-09-28,7567886.85,6824968.63,742918.2199999997,0.09816719445270244,5743438.495714285,5371917.359666666,4702926.669,668990.6906666667
2016-09-29,5432931.71,4892504.82,540426.8899999997,0.09947242462210144,6009516.745714285,5092602.406666666,4498092.440333334,594509.9663333334
2016-09-30,4909635.76,4205412.15,704223.6099999994,0.14343703778139327,6112566.4799999995,4838437.101333333,4301888.9476666665,536548.1536666666
2016-10-01,4366699.03,3701260.21,665438.8200000003,0.15238944003887536,6212229.915714285,4570542.248333333,4088039.628666667,482502.61966666667
2016-10-02,2596796.4,1974164.43,622631.97,0.23976926724020411,5750241.554285714,4578329.249,4080601.699,497727.55000000005
2016-10-03,2548741.44,2097911.33,450830.10999999987,0.17688342290224618,5130259.1928571435,4568130.358999999,4064652.4073333335,503477.9516666667
2016-10-04,3461082.31,2850191.25,610891.06,0.17650289859763552,4411967.642857143,4586453.312666667,4072647.233666667,513806.079
2016-10-05,3424882.78,2746226.47,678656.3099999996,0.19815460954257816,3820109.9185714284,4562018.372666667,4041394.585,520623.7876666666
2016-10-06,2895028.23,2454432.63,440595.6000000001,0.15219043304458557,3457552.2785714283,4509925.280666666,3989143.674,520781.60666666663
2016-10-07,3222934.99,2477341.55,745593.4400000004,0.23133989432408636,3216595.0257142857,4526439.629666667,3988980.7136666668,537458.916
2016-10-08,3101070.27,2574361.13,526709.1400000001,0.16984753460617327,3035790.917142857,4531470.081,3984456.108666667,547013.9723333333
2016-10-09,3313712.48,2583489.11,730223.3700000001,0.22036413068643787,3138207.5,4505911.979666667,3952221.367333333,553690.6123333334
2016-10-10,4264616.83,3371581.16,893035.6699999999,0.20940584010216926,3383332.555714286,4535276.941666666,3961904.4796666666,573372.4619999999
2016-10-11,4422185.53,3581266.99,840918.54,0.19015903658840835,3520633.0157142854,4522959.8703333335,3940954.3009999995,582005.5693333333
2016-10-12,4541598.24,3524730.02,1016868.2200000002,0.22390096311117122,3680163.7957142857,4485177.363333333,3887421.75,597755.6133333334
2016-10-13,3317032.06,2649214.4,667817.6600000001,0.20132987801148963,3740450.0571428575,4407747.578333334,3806524.737333333,601222.841
2016-10-14,3511630.87,2718591.77,793039.1000000001,0.22583213593859314,3781692.325714286,4378630.291333334,3766745.5613333336,611884.73
2016-10-15,3943248.97,3043533.56,899715.4100000001,0.22816601661345268,3902003.568571429,4386254.812,3757823.746,628431.0659999999
2016-10-16,4376304.87,3413503.15,962801.7200000002,0.2200033472530903,4053802.4814285715,4398178.230666666,3753054.904,645123.3266666667
2016-10-17,3037287.93,2453991.87,583296.06,0.1920450327539411,3878469.7814285713,4351698.492000001,3706731.6713333335,644966.8206666667
2016-10-18,4508859.09,3657069.31,851789.7799999998,0.18891470391903506,3890851.7185714287,4337239.774,3682534.325,654705.4489999999
2016-10-19,4228189.57,3396000.86,832188.7100000004,0.19681915775597553,3846079.0514285713,4299816.853,3636296.1273333337,663520.7256666668
2016-10-20,2846518.01,2260628.69,585889.3199999998,0.20582666891329449,3778862.7585714287,4229697.045333333,3565607.4003333333,664089.6449999999
2016-10-21,3272036.28,2634207.2,637829.0799999996,0.1949333764722192,3744634.96,4191569.7706666663,3518678.347666667,672891.4230000001
2016-10-22,3948044.16,3231763.1,716281.06,0.18142681058562427,3745319.987142857,4204158.444,3515529.408333333,688629.0356666666
2016-10-23,3383059.2,2666084.61,716974.5900000003,0.21193084353948055,3603427.7485714285,4177317.4966666666,3475803.5786666665,701513.918
2016-10-24,4380387.44,3526727.23,853660.2100000004,0.19488235268978862,3795299.1071428573,4201028.5786666665,3488364.267333334,712664.3113333334
2016-10-25,4299274.8,3249930.02,1049344.7799999998,0.24407483327188106,3765358.4942857143,4149980.5743333334,3422631.418,727349.1563333333
2016-10-26,4706906.11,3751859.51,955046.6000000006,0.20290326122523836,3833746.5714285714,4077256.845666667,3343628.403333334,733628.4423333334
2016-10-27,4202633.76,3430770.86,771862.8999999999,0.1836617093182062,4027477.3928571427,3934373.8656666665,3198123.9340000004,736249.9316666668
2016-10-28,7095459.64,5821255.79,1274203.8499999996,0.17958017022840816,4573680.7299999995,3918626.292,3164666.839333333,753959.4526666666
2016-10-29,7748034.04,6291672.94,1456361.0999999996,0.18796524285791594,5116536.427142858,3995796.3696666667,3211305.7766666664,784490.593
2016-10-30,6231866.09,5021019.4,1210846.6899999995,0.1942992151167997,5523508.840000001,4039870.714,3238492.685,801378.0289999999
2016-10-31,6154479.92,4923620.6,1230859.3200000003,0.1999940427135231,5776950.622857143,4099463.4103333335,3279238.0313333333,820225.379
2016-11-01,7719179.86,6108632.49,1610547.37,0.20864229091819608,6265508.488571429,4270209.525666667,3417053.6333333333,853155.8923333333
2016-11-02,2019573.39,1671538.84,348034.5499999998,0.17233072673828398,5881603.814285715,4252570.590666668,3402841.217,849729.3736666667
2016-11-03,2167731.38,1630172.24,537559.1399999999,0.24798235840457314,5590903.474285714,4209458.893,3362173.9166666665,847284.9763333334
2016-11-04,2921457.72,2325634.63,595823.0900000003,0.20394718907655465,4994617.485714286,4192678.057666667,3348154.1886666664,844523.8690000001
2016-11-05,3331729.51,2510325.05,821404.46,0.2465399599621159,4363716.838571428,4207234.767,3350017.2693333332,857217.4976666667
2016-11-06,3177194.93,2614531.12,562663.81,0.17709451966171935,3927335.2442857143,4205710.098333334,3354590.2550000004,851119.8433333334
2016-11-07,4013690.76,3164694.75,848996.0099999998,0.21152501793635936,3621508.2214285717,4236130.781333334,3374268.0423333333,861862.7390000001
2016-11-08,2902668.64,2275142.13,627526.5100000002,0.21618950966445835,2933435.1900000004,4222429.32,3363989.809666666,858439.5103333333
2016-11-09,3088936.2,2415653.4,673282.8000000003,0.2179659133134573,3086201.305714286,4183239.9656666666,3332125.551,851114.4146666668
2016-11-10,3524443.54,2787453.25,736990.29,0.20910826961353451,3280017.3285714285,4153315.2326666666,3305665.0930000003,847650.1396666667
2016-11-11,3242466.89,2622416.39,620050.5,0.19122801281711777,3325875.7814285713,4110010.854333333,3275587.972,834422.8823333333
2016-11-12,4067309.35,3215859.82,851449.5300000003,0.20933975184356218,3430958.615714286,4135020.097333333,3294476.1526666665,840543.9446666667
2016-11-13,4108240.53,3298120.47,810120.0599999996,0.1971939213598089,3563965.13,4154907.086,3313793.776,841113.31
2016-11-14,5384564.17,4287246.16,1097318.0099999998,0.20378956872938517,3759804.1885714284,4202950.926,3355250.862666667,847700.0633333334
2016-11-15,4067351.79,3266049.08,801302.71,0.19700845940350784,3926187.4957142854,4192652.49,3350335.727,842316.763
2016-11-16,2666254.64,2184170.77,482083.8700000001,0.18080938810855668,3865804.415714286,4180284.7136666668,3341341.6903333333,838943.0233333333
2016-11-17,3253737.52,2657687.82,596049.7000000002,0.1831892389402081,3827132.1271428573,4138447.328,3308028.974,830418.3539999999
2016-11-18,2750384.49,2341586.51,408797.98000000045,0.1486330298495831,3756834.6414285717,4089187.158666666,3272881.8289999994,816305.3296666667
2016-11-19,3049656.36,2797715.85,251940.50999999978,0.0826127537858068,3611455.6428571427,4095958.437,3290784.7343333336,805173.7026666667
2016-11-20,2422645.76,2208447.77,214197.98999999976,0.0884149030521077,3370656.39,4067645.419666667,3276592.753333333,791052.6663333332
2016-11-21,2849528.18,2622825.33,226702.8500000001,0.07955803055086828,3008508.391428571,4031028.220333333,3256294.827666667,774733.3926666667
2016-11-22,2953802.19,3010640.25,-56838.060000000056,-0.019242337957640982,2849429.8771428573,4016719.653333334,3267780.0156666664,748939.6376666668
2016-11-23,1781135.32,1682846.05,98289.27000000002,0.05518349386277962,2722984.2600000002,3930077.9159999997,3206317.309666666,723760.6063333334
2016-11-24,1693041.1,1727778.84,-34737.73999999999,-0.020517954348538845,2500027.6285714284,3843203.459333333,3155578.937,687624.5223333333
2016-11-25,3314537.94,3343367.28,-28829.33999999985,-0.008697845830058549,2580620.978571429,3796791.187,3141962.529333333,654828.6576666665
2016-11-26,3392192.14,3360164.37,32027.77000000002,0.009441614353837875,2629554.661428571,3769776.466333334,3139608.9796666666,630167.4866666666
2016-11-27,5299633.2,5281944.59,17688.610000000335,0.003337704579252831,3040552.867142857,3709915.5850000004,3121631.9396666666,588283.6453333334
2016-11-28,5196318.58,5131257.93,65060.65000000037,0.012520527561649303,3375808.6385714286,3624858.403,3082951.4393333336,541906.9636666666
2016-11-29,4921786.18,4962698.8,-40912.62000000011,-0.008312555341443158,3656949.208571429,3581189.0726666665,3081007.419333333,500181.6533333334
2016-11-30,3832887.02,3897608.89,-64721.87000000011,-0.016885932108690258,3950056.5942857144,3503802.6426666663,3046807.029,456995.6136666667
2016-12-01,2358573.02,2341309.79,17263.22999999998,0.007319353631883732,4045132.582857143,3325115.748,2921229.6056666668,403886.1423333334
2016-12-02,907573.74,925477.21,-17903.469999999972,-0.01972673867800535,3701280.554285714,3288049.093,2896360.8846666664,391688.2083333333
2016-12-03,1333890.05,1218185.92,115704.13000000012,0.08674187951248315,3407237.3985714284,3260254.3819999998,2882628.007333333,377626.37466666667
2016-12-04,2237557.76,2224630.3,12927.459999999963,0.005777486611116561,2969798.0500000003,3237457.716666667,2879261.1963333334,358196.52033333335
2016-12-05,1925286.27,1939563.58,-14277.310000000056,-0.007415681617051191,2502507.7199999997,3190576.275333333,2860235.8140000002,330340.4613333334
2016-12-06,2605334.49,2510982.32,94352.17000000039,0.03621499287793959,2171586.05,3171514.260666667,2856784.1873333333,314730.07333333336
2016-12-07,2299467.49,2274139.79,25327.700000000186,0.011014593644026767,1952526.1171428573,3114373.485,2827099.022,287274.4630000001
2016-12-08,2075549.34,2136761.21,-61211.86999999988,-0.02949188863898551,1912094.162857143,3086802.841666667,2822486.324666667,264316.51700000005
2016-12-09,2553283.93,2600587.96,-47304.029999999795,-0.018526740972360168,2147195.618571429,3068947.7660000003,2828650.81,240296.95600000006
2016-12-10,2913080.54,2889190.43,23890.10999999987,0.00820097819883822,2372794.2600000002,3048568.9993333337,2832042.0493333335,216526.95000000007
2016-12-11,2853330.5,2812545.24,40785.25999999978,0.014293913726432945,2460761.7942857146,3035597.7863333332,2838379.6776666665,197218.10866666673
2016-12-12,3248145.42,3217430.0,30715.419999999925,0.009456294601489832,2649741.672857143,3008292.322,2838432.017,169860.30500000002
2016-12-13,3823629.31,3830277.56,-6648.25,-0.0017387276487845524,2823783.79,2998805.2813333333,2856170.5866666664,142634.69466666674
2016-12-14,2792734.55,2831410.87,-38676.3200000003,-0.013848906620931911,2894250.512857143,2912410.9606666667,2807642.7436666666,104768.21700000003
2016-12-15,2707101.38,2742933.88,-35832.5,-0.013236482484449844,2984472.2328571426,2867069.280333333,2790205.570333333,76863.71000000004
2016-12-16,2646651.72,2651717.38,-5065.659999999683,-0.0019139881389454911,2997810.488571428,2866415.8496666667,2805790.4573333333,60625.39233333338
2016-12-17,3238132.58,3280502.46,-42369.87999999989,-0.013084664989226565,3044246.4942857143,2865895.685,2826550.945333333,39344.73966666671
2016-12-18,3271429.4,3285398.32,-13968.919999999925,-0.004269974464373257,3103974.9085714286,2883263.848666667,2858011.339,25252.509666666698
2016-12-19,4135316.35,4095588.8,39727.55000000028,0.009606895008165525,3230713.612857143,2919452.515,2901273.7706666663,18178.744333333383
2016-12-20,4293749.29,4224108.67,69640.62000000011,0.016219069930838954,3297873.61,2981822.632666667,2968462.467333333,13360.165333333394
2016-12-21,4279775.59,4100591.43,179184.15999999968,0.04186765315888904,3510308.044285714,3029497.546333333,3017721.3373333337,11776.209000000048
2016-12-22,3117384.48,3057416.11,59968.37000000011,0.01923675773223844,3568919.915714286,3034950.2893333333,3019280.532666667,15669.756666666719
2016-12-23,2500798.47,2509747.01,-8948.539999999572,-0.0035782731424973922,3548083.737142857,3058939.0609999998,3046843.898,12095.163000000066
2016-12-24,2034069.49,2007308.18,26761.310000000056,0.013156536751357525,3376074.7242857143,3070306.674,3056161.5426666667,14145.131333333402
2016-12-25,3488378.94,3406046.44,82332.5,0.023601937007451376,3407067.5157142854,3076101.374,3058250.8479999998,17850.526000000064
2016-12-26,3839559.68,3806837.33,32722.350000000093,0.00852242255028579,3364816.5628571426,3091013.625333333,3073139.9466666663,17873.678666666732
2016-12-27,5844260.6,5750792.35,93468.25,0.015993169435326002,3586318.1785714286,3109167.8720000004,3088768.205333334,20399.666666666722
2016-12-28,7554359.22,7421332.69,133026.52999999933,0.017609240721279777,4054115.84,3187769.2266666666,3165104.0306666666,22665.196000000018
2016-12-29,7928143.58,7951767.41,-23623.830000000075,-0.0029797429576824182,4741367.14,3287981.14,3264739.651,23241.48900000002
2016-12-30,5840732.73,5741938.39,98794.34000000078,0.016914716794445887,5218500.605714286,3354909.330333334,3326217.301,28692.029333333383
2016-12-31,4969730.15,4920694.41,49035.74000000022,0.009866881806449837,5637880.7,3441947.901333333,3412196.788333333,29751.11300000006
2017-01-01,3998895.08,3583814.01,415081.0700000003,0.10379893988116344,5710811.577142857,3544991.946,3500808.015,44183.93100000007
2017-01-02,1748553.87,1374452.07,374101.80000000005,0.2139492562502521,5412096.461428572,3558814.0733333332,3506016.8866666663,52797.186666666734
2017-01-03,1891837.91,1573537.28,318300.6299999999,0.16824941942304134,4847464.648571429,3547290.078333333,3484313.786,62976.2923333334
2017-01-04,847466.28,682698.81,164767.46999999997,0.19442362945697375,3889337.0857142857,3511362.7453333335,3442418.293666667,68944.45166666673
2017-01-05,1464435.52,1145400.53,319034.99,0.21785526617109094,2965950.2199999997,3473332.779666667,3396898.9006666667,76433.87900000004
2017-01-06,2311449.24,1842665.52,468783.7200000002,0.202809437424635,2461766.8642857145,3473732.1713333335,3382516.425,91215.74633333339
2017-01-07,2148635.45,1767280.58,381354.8700000001,0.17748700460098993,2058753.335714286,3476168.375,3370200.4039999996,105967.97100000006
2017-01-08,2907768.3,2272946.44,634821.8599999999,0.2183192725500171,1902878.0814285714,3487984.520666667,3359279.0200000005,128705.5006666667
2017-01-09,3437216.12,2814472.11,622744.0100000002,0.18117685599589245,2144115.5457142857,3505455.7066666665,3356788.4093333334,148667.29733333338
2017-01-10,3014515.71,2440786.22,573729.4899999998,0.19032227567989676,2304498.088571429,3510828.547,3344396.4420000003,166432.10500000004
2017-01-11,2227157.79,1674420.56,552737.23,0.2481805431486738,2501596.875714286,3476795.626,3292962.794,183832.83200000002
2017-01-12,2704158.21,2101198.8,602959.4100000001,0.22297490130949113,2678700.117142857,3439479.922666667,3235326.8353333334,204153.08733333336
2017-01-13,3136819.59,2599219.64,537599.9499999997,0.17138376453457424,2796610.167142857,3450949.424,3227587.1276666666,223362.2963333334
2017-01-14,2056300.58,1704845.73,351454.8500000001,0.17091608756925997,2783419.4714285717,3429256.0640000002,3192984.189333333,236271.87466666673
2017-01-15,2415343.55,1994964.86,420378.6899999997,0.17404509184625092,2713073.078571428,3421545.7916666665,3171092.438666667,250453.35300000006
2017-01-16,3848368.92,3102404.56,745964.3599999999,0.1938390979417846,2771809.192857143,3441887.003,3165155.8419999997,276731.161
2017-01-17,2829843.68,2229864.7,599978.98,0.21201841792193976,2745427.4742857143,3427167.4790000003,3129971.388,297196.091
2017-01-18,2138817.82,1652537.47,486280.34999999986,0.2273594064220018,2732807.478571429,3360617.528,3048536.3436666667,312081.1843333334
2017-01-19,2663777.41,2187863.56,475913.8500000001,0.17866126809747218,2727038.7928571426,3306285.1319999998,2980661.506666667,325623.6253333334
2017-01-20,2871845.05,2318588.01,553257.04,0.19264863889505462,2689185.287142857,3259354.114,2921261.392666667,338092.72133333335
2017-01-21,2790303.1,2232164.85,558138.25,0.2000278213503042,2794042.79,3248451.4013333335,2893753.0173333334,354698.38399999996
2017-01-22,2438538.62,2064760.98,373777.64000000013,0.15327936040643889,2797356.3714285716,3246376.0730000003,2878920.149666667,367455.9233333334
2017-01-23,3466339.69,2719480.1,746859.5899999999,0.21546058863030815,2742780.7671428574,3294118.413,2902659.2136666668,391459.19933333335
2017-01-24,2856042.21,2288079.89,567962.3199999998,0.1988634194590562,2746523.4142857143,3273040.522,2865393.662,407646.86000000004
2017-01-25,2345949.16,1953862.54,392086.6200000001,0.167133468484884,2776113.605714286,3223253.5046666665,2803627.8356666667,419625.669
2017-01-26,3398297.86,2689465.29,708832.5699999998,0.20858459122826858,2881045.0985714286,3141721.413333333,2701583.600333333,440137.813
2017-01-27,3893498.97,3118864.85,774634.1200000001,0.1989557788428027,3026995.6585714286,3019692.7383333337,2558168.0056666667,461524.7326666667
2017-01-28,5454445.79,4466542.85,987902.9400000004,0.18111884837341108,3407587.4714285717,2937236.1453333334,2441993.8536666664,495242.29166666674
2017-01-29,6530902.38,5313138.23,1217764.1499999994,0.18646185153972542,3992210.865714286,2960241.800333333,2427700.515,532541.2853333333
2017-01-30,5647441.37,4545794.61,1101646.7599999998,0.19507006586241013,4303796.819999999,2982832.1743333335,2415203.855,567628.3193333333
2017-01-31,5786663.6,4731579.01,1055084.5899999999,0.1823303829170232,4722457.018571429,3042424.4583333335,2453462.6883333335,588961.7699999999
2017-02-01,3754242.39,3007642.45,746599.94,0.1988683367884512,4923641.765714286,3109280.742333333,2507902.367666667,601378.3746666666
2017-02-02,2084558.98,1704689.79,379869.18999999994,0.18223000339381137,4735964.782857142,3115704.778,2512274.1180000002,603430.6599999999
2017-02-03,2527455.7,2118774.82,408680.88000000035,0.16169655515623887,4540815.744285715,3171704.4253333337,2560143.3183333334,611561.1070000001
2017-02-04,2511052.37,2067059.03,443993.3400000001,0.1768156432356686,4120330.9699999997,3206591.6536666667,2590865.268333333,615726.3853333333
2017-02-05,2436308.96,2039899.33,396409.6299999999,0.1627090966328014,3535389.0528571424,3210753.6443333332,2597439.7286666664,613313.9156666666
2017-02-06,2567404.94,2085607.67,481797.27,0.1876592439679578,3095383.8485714286,3224712.6273333333,2608050.631666667,616661.9956666665
2017-02-07,2738634.88,2219123.05,519511.8300000001,0.18969736849331303,2659951.174285714,3219074.8466666667,2606256.518666667,612818.328
2017-02-08,1933130.03,1586818.66,346311.3700000001,0.17914540906490398,2399792.2657142854,3168938.6436666665,2565334.737,603603.9066666666
2017-02-09,2516914.69,2076822.36,440092.32999999984,0.17485389224693978,2461557.367142857,3152351.9430000004,2553202.6083333334,599149.3346666667
2017-02-10,2588464.94,2130151.17,458313.77,0.17706006479655081,2470272.9728571433,3164395.5146666667,2568393.628666667,596001.8859999999
2017-02-11,3014037.02,2552520.25,461516.77,0.15312246231136206,2542127.922857143,3174724.808333333,2583437.677,591287.1313333332
2017-02-12,3603536.48,2886850.52,716685.96,0.19888405847358037,2708874.7114285715,3190282.038,2593025.373,597256.6649999999
2017-02-13,4440040.43,3602625.97,837414.4599999995,0.1886051429491149,2976394.067142857,3269740.033,2656284.7143333335,613455.3186666666
2017-02-14,3875527.43,3254271.21,621256.2200000002,0.1603023668961621,3138807.2885714285,3318412.8290000004,2698261.592666666,620151.2363333333
2017-02-15,2042667.61,1725509.05,317158.56000000006,0.1552668473555519,3154455.514285714,3258222.7853333335,2652365.075666667,605857.7096666667
2017-02-16,3533527.8,2858753.36,674774.44,0.19096338792070633,3299685.958571428,3281678.9226666666,2673328.0310000004,608350.8916666667
2017-02-17,3023518.61,2507056.83,516461.7799999998,0.17081481764056342,3361836.4828571426,3311168.949,2701812.009666667,609356.9393333333
2017-02-18,3277433.63,2800726.99,476706.63999999966,0.14545119560514172,3399464.57,3331624.1563333333,2722240.790666667,609383.3656666667
2017-02-19,4520643.56,3744775.49,775868.0699999994,0.1716277914200339,3530479.867142857,3386584.106666667,2769780.3733333335,616803.7333333332
2017-02-20,5623470.83,4661358.55,962112.2800000003,0.17108869399078935,3699541.3528571427,3481023.031,2850753.496666667,630269.5343333333
2017-02-21,5243661.46,4397106.06,846555.4000000004,0.16144356504662685,3894989.0714285714,3574527.1256666663,2928498.3326666667,646028.793
2017-02-22,4461426.24,3673004.77,788421.4700000002,0.1767196021153989,4240526.018571428,3607696.677333333,2960282.4883333337,647414.1889999999
2017-02-23,5005082.74,4050645.07,954437.6700000004,0.1906936847161892,4450748.1528571425,3679331.3616666663,3019034.661,660296.7006666666
2017-02-24,5197080.94,4291124.12,905956.8200000003,0.17432032143798018,4761257.0571428565,3774369.087666667,3096943.3803333333,677425.7073333333
2017-02-25,7193655.77,5984598.22,1209057.5499999998,0.16807275586387974,5320717.362857142,3900881.018,3206781.1446666666,694099.8733333333
2017-02-26,6951383.99,5568547.06,1382836.9300000006,0.1989297285244633,5667965.995714285,4002810.5186666665,3288437.2183333333,714373.3003333333
2017-02-27,7418488.93,6084966.92,1333522.0099999998,0.17975655454674916,5924397.1528571425,4068278.6233333335,3342384.6873333333,725893.9360000001
2017-02-28,5900508.14,4852701.48,1047806.6599999992,0.17757905508117802,6018232.392857143,4047265.4820000003,3327036.7956666667,720228.6863333334
2017-03-01,4138759.12,3461752.84,677006.2800000003,0.16357711583852705,5972137.089999999,3996976.0736666666,3290902.07,706074.0036666667
2017-03-02,1084768.59,894235.96,190532.63000000012,0.17564357205438638,5412092.211428572,3840246.24,3162990.635,677255.6050000001
2017-03-03,1291387.67,1088338.93,203048.74,0.15723298643543654,4854136.03,3758151.0826666667,3099013.8510000003,659137.2316666667
2017-03-04,1414852.54,1091358.11,323494.42999999993,0.22864179895383296,4028592.7114285715,3735827.5346666668,3078569.4616666664,657258.073
2017-03-05,2359240.19,1784452.73,574787.46,0.2436324467666855,3372572.1685714284,3730220.3510000003,3067425.392,662794.959
2017-03-06,3890607.23,3160109.06,730498.1699999999,0.1877594233535622,2868589.068571429,3776205.5129999993,3103860.393,672345.1199999999
2017-03-07,3220221.21,2644266.94,575954.27,0.17885549856371513,2485690.935714286,3802335.9213333335,3124005.98,678329.9413333334
2017-03-08,4553707.12,3607122.81,946584.31,0.20787114433481615,2544969.2214285717,3868545.9940000004,3174723.1513333335,693822.8426666667
2017-03-09,4967983.41,4034647.4,933336.0100000002,0.18787019459873763,3099714.195714286,3942857.6116666663,3235240.6296666665,707616.9820000001
2017-03-10,6057343.95,4929376.63,1127967.3200000003,0.18621483761046792,3780565.0928571424,4080331.4090000005,3346659.2286666664,733672.1803333333
2017-03-11,4368486.87,3465509.34,902977.5300000003,0.2067025853279033,4202512.854285714,4142050.4816666665,3392948.794666667,749101.687
2017-03-12,3116003.75,2481856.51,634147.2400000002,0.2035129899955994,4310621.934285714,4159635.1086666663,3404672.306,754962.8026666667
2017-03-13,4924647.72,4152542.23,772105.4899999998,0.15678390291031818,4458342.004285715,4223322.132,3458006.372,765315.76
2017-03-14,5669415.23,4519981.15,1149434.08,0.20274296966602673,4808226.864285715,4292184.757,3512444.059666666,779740.6973333334
2017-03-15,7298281.44,5862653.36,1435628.08,0.19670768958452226,5200308.910000001,4387459.457333333,3587778.3060000003,799681.1513333333
2017-03-16,7437742.79,6020449.52,1417293.2700000005,0.19055421920552867,5553131.678571428,4506199.969333333,3679984.249666667,826215.7196666667
2017-03-17,7834618.24,6274517.1,1560101.1400000006,0.19912918437235821,5807028.005714285,4699264.990333334,3831617.851333333,867647.1390000001
2017-03-18,5974783.9,4875618.15,1099165.75,0.18396744859676012,6036499.010000001,4780640.193666667,3898846.6776666665,881793.5160000001
2017-03-19,5122059.27,4468071.53,653987.7399999993,0.127680627170876,6323078.37,4850591.549,3964213.834333333,886377.7146666667
2017-03-20,5574811.65,4750949.98,823861.6699999999,0.14778287083474828,6415958.931428571,4927170.816333334,4029221.267333334,897949.5490000001
2017-03-21,6395400.59,5699224.23,696176.3599999994,0.10885578631126833,6519671.125714286,4989662.717333334,4094369.5586666665,895293.1586666667
2017-03-22,6704488.72,5884865.16,819623.5599999996,0.12224997225440923,6434843.5942857135,5025696.647,4135153.1123333336,890543.5346666666
2017-03-23,8227253.04,7586583.97,640669.0700000003,0.07787156501509528,6547630.772857143,5125149.699666667,4241469.042666667,883680.657
2017-03-24,8043513.7,7275137.93,768375.7700000005,0.09552737754397067,6577472.981428572,5244552.614999999,4361540.148,883012.4670000001
2017-03-25,5949599.34,5438511.57,511087.76999999955,0.08590288871451965,6573875.187142856,5276036.501666666,4407802.364666667,868234.1370000001
2017-03-26,5631526.96,5140078.21,491448.75,0.08726740606778521,6646656.285714285,5290518.035666666,4436100.834333333,854417.2013333334
2017-03-27,6690279.11,5981854.17,708424.9400000004,0.10588869737005642,6806008.78,5273738.813666668,4436009.366,837729.4476666667
2017-03-28,7528150.84,6808020.58,720130.2599999998,0.09565831972622905,6967830.244285715,5292964.375333333,4477325.15,815639.2253333334
2017-03-29,8839810.76,8216778.38,623032.3799999999,0.0704802848064589,7272876.25,5340341.769666667,4548385.532000001,791956.2376666666
2017-03-30,17516038.82,16224964.49,1291074.33,0.07370812221116098,8599845.647142857,5727526.125666667,4927460.965666667,800065.16
2017-03-31,16556662.03,15209810.1,1346851.9299999997,0.08134803546509306,9816009.694285715,6141456.222666667,5319062.874333334,822393.3483333334
2017-04-01,15808755.61,14645912.76,1162842.8499999996,0.07355688699902671,11224460.59,6632255.79,5777452.101,854803.6889999999
2017-04-02,14750037.65,13407725.54,1342312.1100000013,0.09100397855594634,12527104.974285712,7080877.455999999,6188098.321333333,892779.1346666667
2017-04-03,11986923.68,10898039.76,1088883.92,0.09083931366116782,13283768.484285712,7433279.827333333,6514987.709666667,918292.1176666667
2017-04-04,3822590.98,3438348.87,384242.10999999987,0.10051876123037361,12754402.790000001,7482058.187,6570117.581,911940.606
2017-04-05,4629254.97,4199168.99,430085.9799999995,0.09290609024285382,12152894.819999998,7506679.778333333,6604752.9120000005,901926.8663333334
2017-04-06,3991728.43,3603945.57,387782.86000000034,0.09714660373326056,10220850.478571428,7532396.685666666,6636742.199666667,895654.4859999999
2017-04-07,3428956.51,3033332.62,395623.88999999966,0.11537734259569238,8345463.975714286,7494904.9986666655,6617615.86,877289.1386666667
2017-04-08,3512061.04,3104040.68,408020.35999999987,0.11617689879330795,6588793.322857142,7446374.2530000005,6586595.636000001,859778.617
2017-04-09,5195329.1,4683867.18,511461.9199999999,0.09844649109909129,5223834.958571428,7417640.424666667,6578411.987666667,839228.437
2017-04-10,4956146.85,4458418.44,497728.4099999992,0.10042648554693234,4219438.268571428,7437229.090666667,6611508.957666667,825720.1329999999
2017-04-11,6400896.15,5775011.4,625884.75,0.09778080058368077,4587767.578571429,7546725.504,6721280.787333333,825444.7166666666
2017-04-12,6346191.53,5932271.71,413919.8200000003,0.06522334191196405,4833044.2299999995,7594110.297666667,6780605.1033333335,813505.1943333333
2017-04-13,6080699.31,5675033.32,405665.9899999993,0.06671370665095415,5131468.641428572,7607819.767,6819106.842333333,788712.9246666667
2017-04-14,5046450.29,4501125.15,545325.1399999997,0.10806113379945721,5362539.181428571,7532758.728666666,6773722.568666667,759036.1599999999
2017-04-15,5118767.2,4382670.97,736096.2300000004,0.14380342008911842,5592068.632857143,7455459.542333333,6719129.950333333,736329.592
2017-04-16,5550880.17,4613246.21,937633.96,0.16891626756194233,5642861.642857143,7379334.9399999995,6663754.254,715580.686
2017-04-17,6659045.31,5533903.49,1125141.8199999994,0.1689644337320179,5886132.851428571,7402143.653666667,6685697.098666667,716446.5549999999
2017-04-18,8056843.67,6512827.94,1544015.7299999995,0.19164027418692606,6122696.782857142,7499969.800333333,6753855.645666667,746114.1546666665
2017-04-19,8628781.58,6869166.87,1759614.71,0.20392389049208035,6448781.0757142855,7601768.7979999995,6824462.875333334,777305.9226666666
2017-04-20,7240460.1,5704449.86,1536010.2399999993,0.21214262889177435,6614461.188571429,7629937.448333333,6824637.062999999,805300.3853333333
2017-04-21,5516371.41,4399591.55,1116779.8600000003,0.20244827206078211,6681592.777142858,7590333.538,6775127.942666667,815205.5953333334
2017-04-22,5307716.56,4273571.86,1034144.6999999993,0.19483796625342015,6708585.542857142,7493015.655333334,6664694.205666666,828321.4496666666
2017-04-23,7933547.43,6292750.65,1640796.7799999993,0.2068175421496156,7048966.579999999,7489350.113,6631947.9629999995,857402.1499999998
2017-04-24,7075130.23,5783275.04,1291855.1900000004,0.1825910121798564,7108407.282857143,7526867.809333334,6643440.0786666665,883427.7306666665
2017-04-25,8289377.68,6751931.23,1537446.4499999993,0.18547187851139138,7141626.427142858,7615462.833333333,6697168.512666667,918294.3206666665
2017-04-26,11677117.94,9490915.85,2186202.09,0.18722103358322337,7577103.049999999,7781690.794333333,6814137.235333334,967553.5589999999
2017-04-27,10910842.34,8767860.5,2142981.84,0.19640846904584636,8101443.37,7894447.177666667,6879465.232666668,1014981.9449999998
2017-04-28,8873238.46,7052027.5,1821210.960000001,0.20524760697122083,8580995.805714285,7895561.434333334,6840640.203333333,1054921.231
2017-04-29,13969061.08,11193381.32,2775679.76,0.1987019559943108,9818330.737142857,7777328.842999999,6672920.764333334,1104408.0786666665
2017-04-30,12763691.95,10213945.04,2549746.91,0.19976562580703777,10508351.382857144,7650896.507,6506391.929,1144504.578
2017-05-01,10437173.89,8248934.13,2188239.7600000007,0.20965826411080332,10988643.334285716,7471843.783000001,6293159.308,1178684.475
2017-05-02,10668293.77,8545428.77,2122865.0,0.1989882398973346,11328488.49,7335785.653666667,6131082.749,1204702.9046666666
2017-05-03,11066087.91,8850240.81,2215847.0999999996,0.20023761947504712,11241198.485714287,7305091.1280000005,6062822.784,1242268.3439999998
2017-05-04,5096072.55,4205229.55,890843.0,0.17480971694565065,10410517.087142857,7347540.513666666,6088385.473333334,1259155.0403333332
2017-05-05,5663567.39,4486107.35,1177460.04,0.20790077329688136,9951992.648571428,7382017.594333334,6097950.085333333,1284067.5089999998
2017-05-06,3743378.15,2996412.53,746965.6200000001,0.19954319068726736,8491180.801428571,7373739.251666667,6077698.984,1296040.2676666665
2017-05-07,4893557.72,3947883.38,945674.3399999999,0.1932488373714329,7366875.911428572,7422559.292,6108184.009333333,1314375.2826666662
2017-05-08,5867384.27,4768855.8,1098528.4699999997,0.18722626973944556,6714048.822857142,7501070.066333333,6163677.846666667,1337392.2196666666
2017-05-09,6383091.75,5203605.53,1179486.2199999997,0.18478290242342196,6101877.105714285,7540662.154666666,6181002.458333333,1359659.6963333334
2017-05-10,7501996.22,6032076.17,1469920.0499999998,0.1959371888353204,5592721.149999999,7625523.800333333,6233457.716,1392066.0843333332
2017-05-11,10239562.28,8268973.88,1970588.3999999994,0.192448499859117,6327505.397142856,7753479.3379999995,6316589.798666667,1436889.539333333
2017-05-12,8320439.9,6726540.41,1593899.4900000002,0.19156432942926493,6707058.612857142,7819287.617,6343065.422,1476222.1949999998
2017-05-13,7357524.23,5896933.82,1460590.4100000001,0.19851656132432471,7223365.195714286,7861848.447666666,6350462.105333334,1511386.342333333
2017-05-14,6662133.39,5287890.68,1374242.71,0.20627667288420956,7476018.862857142,7915704.551,6376687.623,1539016.9279999998
2017-05-15,7541584.53,6196974.67,1344609.8600000003,0.17829275196097288,7715190.328571429,7996465.128666666,6437164.413000001,1559300.7156666666
2017-05-16,6978902.38,5556954.23,1421948.1499999994,0.20374954005303045,7800306.132857143,8044065.869,6468621.347,1575444.5219999999
2017-05-17,7526190.32,5942140.35,1584049.9700000007,0.21047168655708412,7803762.432857143,8072970.702666666,6482229.242333333,1590741.4603333334
2017-05-18,10554187.11,8417567.55,2136619.5599999987,0.20244283503137542,7848708.837142857,8156215.484,6545720.562666667,1610494.921333333
2017-05-19,8723026.23,6978931.62,1744094.6100000003,0.19994146114129022,7906221.17,8159356.9723333325,6549379.387666667,1609977.5846666663
2017-05-20,6210104.92,4916762.05,1293342.87,0.20826425425353362,7742304.125714285,8125011.799666667,6523123.127333333,1601888.6723333334
2017-05-21,7924193.43,6410830.66,1513362.7699999996,0.19098003896151733,7922598.417142856,8205272.533666667,6590164.431,1615108.1026666665
2017-05-22,7701304.95,6167091.35,1534213.6000000006,0.19921475775348962,7945415.62,8285058.8133333335,6653281.747333334,1631777.0659999999
2017-05-23,8875094.41,7259320.81,1615773.6000000006,0.1820570605062443,8216300.1957142865,8316443.712666666,6685500.752666667,1630942.96
2017-05-24,9809118.2,7989958.15,1819160.0499999989,0.1854560229481177,8542432.75,8407576.645,6759056.856333333,1648519.7886666665
2017-05-25,12997641.6,10345551.33,2652090.2699999996,0.2040439605597372,8891497.677142857,8564518.775666665,6878844.193,1685674.5826666665
2017-05-26,10924584.92,8936147.49,1988437.4299999997,0.18201491814665666,9206006.061428573,8539434.341666667,6860351.914333333,1679082.4273333333
2017-05-27,6842735.97,5377732.71,1465003.2599999998,0.21409612564665415,9296381.925714286,8403830.796,6747347.654666666,1656483.1413333332
2017-05-28,6133951.19,4817050.8,1316900.3900000006,0.21469039273525756,9040633.034285715,8312521.220333333,6672848.431333333,1639672.7889999999
2017-05-29,7513494.18,5975112.76,1538381.42,0.20474913311239165,9013802.924285714,8097335.657000001,6498906.146,1598429.511
2017-05-30,15437626.24,12468271.46,2969354.7799999993,0.19234529543837428,9951307.471428571,8186466.799999999,6574050.36,1612416.4400000002
2017-05-31,17314841.86,13846685.08,3468156.7799999993,0.20029965090307786,11023553.70857143,8415722.399,6760642.058333334,1655080.3406666664
2017-06-01,17639270.88,14102311.81,3536959.0699999984,0.20051617178861525,11686643.605714286,8648088.302666666,6945871.493000001,1702216.8096666664
2017-06-02,17528852.88,14154253.77,3374599.1099999994,0.19251682543644005,12630110.457142856,8863513.801666666,7122671.925,1740841.8766666665
2017-06-03,15308256.14,12312510.57,2995745.5700000003,0.1956947638321918,13839470.481428573,9203919.921333333,7392914.625666666,1811005.2956666665
2017-06-04,4982217.86,4015671.63,966546.2300000004,0.19399919015183337,13674937.14857143,9181208.270333333,7377233.4350000005,1803974.8353333331
2017-06-05,6879970.92,5535512.4,1344458.5199999996,0.1954163085328854,13584433.825714286,9285761.362666667,7461870.0973333325,1823891.265333333
2017-06-06,5342823.74,4216558.08,1126265.6600000001,0.21079970345418883,12142319.182857143,9300736.896666668,7470825.920666667,1829910.9759999998
2017-06-07,7640608.49,6119021.16,1521587.33,0.19914478434426366,10760285.844285714,9359844.370666666,7515831.432666666,1844012.9379999998
2017-06-08,7229728.05,5870597.71,1359130.3399999999,0.1879919037895208,9273208.297142858,9388065.580666665,7538064.505333333,1850001.075333333
2017-06-09,6070420.59,4805414.43,1265006.1600000001,0.2083885525302622,7636289.398571429,9340346.393000001,7497175.780666667,1843170.6123333334
2017-06-10,6331260.25,5062026.02,1269234.2300000004,0.20047102470633718,6353861.414285714,9210069.658666667,7390277.518666667,1819792.14
2017-06-11,6522568.24,5237226.84,1285341.4000000004,0.19706062898929522,6573911.468571429,9150140.603333334,7340633.733,1809506.8703333333
2017-06-12,6628740.01,5335810.64,1292929.37,0.19504903919138625,6538021.338571428,9125847.796,7321929.627,1803918.169
2017-06-13,9097973.24,7325847.9,1772125.3399999999,0.19478243046579896,7074471.2671428565,9207042.457666667,7389861.534333333,1817180.9233333333
2017-06-14,10026676.46,8103723.85,1922952.6100000013,0.191783650112911,7415338.12,9289878.855333334,7453419.840333333,1836459.0150000001
2017-06-15,7940593.56,6369139.96,1571453.5999999996,0.19790127628695803,7516890.335714286,9321935.227999998,7480492.698,1841442.5299999998
2017-06-16,7143718.68,5840484.65,1303234.0299999993,0.1824307602773629,7670218.634285715,9309186.173333334,7477104.174666667,1832081.9986666664
2017-06-17,7455304.37,6136710.77,1318593.6000000006,0.17686650129349454,7830796.365714286,9205890.082,7401075.615333334,1804814.4666666666
2017-06-18,7827068.5,6257008.19,1570060.3099999996,0.2005936590436125,8017153.545714286,9176024.824333334,7377011.501,1799013.3233333335
2017-06-19,7342525.83,5820728.91,1521796.92,0.20725795934993665,8119122.948571429,9213772.188,7407143.729666667,1806628.4583333333
2017-06-20,8225238.75,6368214.24,1857024.5099999998,0.22577150237736257,7994446.592857143,9223807.032,7405723.182333333,1818083.8496666667
2017-06-21,10655514.59,8609715.32,2045799.2699999996,0.1919944131013573,8084280.611428572,9322280.686666666,7487143.981333333,1835136.7053333332
2017-06-22,9198620.13,7431185.52,1767434.6100000013,0.19214127608506876,8263998.692857142,9333064.877333336,7492872.804999999,1840192.0723333333
2017-06-23,6526283.84,5230359.86,1295923.9799999995,0.19856996903156446,8175793.715714285,9223637.065333333,7400886.195333334,1822750.87
2017-06-24,7602436.11,6685562.91,916873.2000000002,0.12060255248892847,8196812.535714285,9043796.882333335,7278886.581333334,1764910.301
2017-06-25,7066545.51,6587328.34,479217.1699999999,0.06781491314558873,8088166.394285714,8915195.568666667,7200592.609666666,1714602.9589999998
2017-06-26,7983541.46,7671373.55,312167.91000000015,0.039101432811999216,8179740.055714286,8953222.418333333,7277047.304333334,1676175.114
2017-06-27,9250037.34,9101777.72,148259.61999999918,0.016028002325880253,8326139.854285715,9057091.956666667,7419871.535,1637220.4216666666
2017-06-28,11067229.74,10779722.88,287506.8599999994,0.025978213767522223,8384956.3042857135,9175549.808666667,7580025.205666667,1595524.603
2017-06-29,14575854.67,14163551.21,412303.45999999903,0.02828674333921573,9153132.667142857,9146824.089666666,7636534.530666667,1510289.559
2017-06-30,10343460.86,10016805.64,326655.2199999988,0.031580843628773475,9698443.67,8914444.723,7508871.882666666,1405572.8403333335
2017-07-01,9399552.7,9077728.29,321824.41000000015,0.03423826859335553,9955174.611428572,8639787.450333333,7341385.765333333,1298401.6849999998
2017-07-02,8465410.55,8425628.54,39782.01000000164,0.004699359796554892,10155012.474285716,8337672.706,7150431.591000001,1187241.115
2017-07-03,7335280.55,7353625.52,-18344.96999999974,-0.002500922749300944,10062403.772857143,8071906.853,6985135.422666667,1086771.4303333333
2017-07-04,1548331.57,1505172.52,43159.05000000005,0.027874552735497115,8962160.091428572,7957443.9766666675,6901452.119,1055991.8576666666
2017-07-05,2498941.43,2468637.84,30303.590000000317,0.012126570729591016,7738118.904285715,7811409.660333334,6799222.967000001,1012186.6933333334
2017-07-06,3806545.74,3785638.98,20906.760000000242,0.005492318082587979,6199646.2,7760200.393666667,6784858.9969999995,975341.3966666667
2017-07-07,3910669.38,3735165.73,175503.6499999999,0.044878160986342425,5280675.988571429,7635869.09,6705397.149333333,930471.9406666666
2017-07-08,2775904.89,2709365.34,66539.55000000028,0.023970399792768216,4334440.587142857,7487408.318,6600022.737,887385.581
2017-07-09,4305575.04,4091213.73,214361.31000000006,0.04978691766106115,3740178.3714285716,7428580.132999999,6576216.047,852364.0859999999
2017-07-10,4406742.02,4296558.78,110183.23999999929,0.025003333415011052,3321815.7242857143,7364429.525333333,6550700.472333333,813729.053
2017-07-11,4944810.32,4863855.67,80954.65000000037,0.016371639104652322,3807026.9742857143,7311837.594666666,6538254.766666667,773582.828
2017-07-12,4751983.65,4543652.2,208331.4500000002,0.04384094419180087,4128890.1485714284,7249279.049333333,6511849.485333334,737429.5639999999
2017-07-13,6163660.52,5965250.9,198409.61999999918,0.03219022516833864,4465620.831428572,7151468.625333334,6466496.252,684972.3733333333
2017-07-14,4470547.96,4429144.59,41403.37000000011,0.009261363566715905,4545603.485714286,6966264.341999999,6344010.276666666,622254.0653333332
2017-07-15,4914470.82,4964833.31,-50362.48999999929,-0.010247795102382821,4851112.904285714,6865393.584000001,6297200.055000001,568193.5289999999
2017-07-16,5679726.46,5555676.19,124050.26999999955,0.02184088809093802,5047420.25,6816593.843333333,6287706.439666667,528887.4036666666
2017-07-17,5903451.12,5721733.07,181718.0499999998,0.030781664200515955,5261235.835714286,6764865.401666667,6273873.849666666,490991.5519999999
2017-07-18,5722567.0,5454385.63,268181.3700000001,0.04686382352535149,5372343.932857143,6694715.3516666675,6247119.764333334,447595.58733333333
2017-07-19,5823778.88,5343161.22,480617.66000000015,0.08252676997242041,5525457.537142858,6644090.453333333,6231200.841333333,412889.61199999996
2017-07-20,7767875.77,6983084.24,784791.5299999993,0.10103039147857013,5754631.144285714,6628845.020666667,6251696.507999999,377148.51266666665
2017-07-21,7742137.96,6801188.17,940949.79,0.12153616931930777,6222001.144285714,6531732.466333333,6191412.269666667,340320.1966666666
2017-07-22,5031209.52,4280297.37,750912.1499999994,0.1492508207052366,6238678.10142857,6392818.7793333335,6086382.664666667,306436.1146666666
2017-07-23,5822844.6,4618045.67,1204798.9299999997,0.20690899599140938,6259123.55,6369370.804666666,6065972.191666666,303398.6129999999
2017-07-24,5657508.49,4478937.41,1178571.08,0.20831980757663873,6223988.888571428,6304539.884,5992418.008333334,312121.8756666666
2017-07-25,7277905.64,5735726.58,1542179.0599999996,0.2118987434412518,6446180.122857143,6311585.221666667,5964031.283000001,347553.93866666657
2017-07-26,8323356.74,6749350.5,1574006.2400000002,0.1891071462113013,6803262.6742857145,6322912.397666666,5933297.181333333,389615.2163333332
2017-07-27,10162217.48,8082143.68,2080073.8000000007,0.20468699908201538,7145311.49,6353318.402333334,5899309.379999999,454009.02233333327
2017-07-28,8483149.48,6878556.14,1604593.3400000008,0.18915066200153774,7251170.278571429,6267182.393666667,5769270.488666667,497911.905
2017-07-29,7623158.15,6127361.47,1495796.6800000006,0.1962174535235112,7621448.654285715,6035425.842999999,5501397.497333333,534028.3456666667
2017-07-30,8808543.18,8256517.97,552025.21,0.06266929714931589,8047977.022857144,5984261.920333334,5442721.241666666,541540.6786666667
2017-07-31,9466549.72,11128407.08,-1661857.3599999994,-0.17555048134263634,8592125.77,5986495.154333334,5511077.201333334,475417.9530000001
2017-08-01,7103485.92,8893176.14,-1789690.2200000007,-0.2519453462927397,8567208.667142857,5941097.666666667,5526662.121333333,414435.5453333334
2017-08-02,6242432.38,8556480.36,-2314047.9799999995,-0.37069652326774577,8269933.758571429,5904669.394333333,5566757.282666667,337912.1116666667
2017-08-03,6560878.74,8998020.07,-2437141.33,-0.37146568723201245,7755456.795714286,6071754.3,5816518.867666666,255235.4323333334
2017-08-04,5472043.99,7638550.59,-2166506.5999999996,-0.39592273087702273,7325298.8685714295,6170857.718666667,5988849.292666667,182008.42600000004
2017-08-05,1626028.13,2192300.16,-566272.0300000003,-0.3482547562076926,6468566.008571429,6098173.798333334,5935737.998666667,162435.79966666672
2017-08-06,2056024.63,2936220.92,-880196.29,-0.4281059074666825,5503920.5014285715,6036352.306666667,5909106.505,127245.8016666667
2017-08-07,2070918.21,2673620.96,-602702.75,-0.29103165305596496,4447401.714285715,6012852.750666667,5907915.025666667,104937.72500000003
2017-08-08,2631383.27,3603508.2,-972124.9300000002,-0.36943494362187695,3808529.9071428566,5957046.358333333,5891658.174666666,65388.18366666667
2017-08-09,2635632.31,3591835.02,-956202.71,-0.36279821975622994,3293272.7542857146,5898009.368,5868167.382666666,29841.985333333374
2017-08-10,3124252.01,4079777.28,-955525.27,-0.30584129159286355,2802326.0785714285,5837324.091000001,5842031.436333333,-4707.3453333333055
2017-08-11,3164344.57,4365179.69,-1200835.1200000006,-0.3794893676828629,2472654.7328571426,5784402.788333333,5836082.352666666,-51679.56433333333
2017-08-12,2404905.33,3325606.06,-920700.73,-0.3828428165195176,2583922.904285714,5659110.948666666,5748094.191333334,-88983.24266666664
2017-08-13,2375693.54,3146463.17,-770769.6299999999,-0.32443983915534824,2629589.8914285717,5589282.468,5705338.143999999,-116055.67599999998
2017-08-14,3038574.28,4128458.45,-1089884.1700000004,-0.3586827470941406,2767826.472857143,5526752.583333333,5677458.982,-150706.39866666668
2017-08-15,2570726.93,3709393.15,-1138666.2199999997,-0.4429355007379176,2759161.2814285713,5423119.265666666,5615916.214000001,-192796.9483333333
2017-08-16,3226436.89,4462853.41,-1236416.52,-0.38321422738257865,2843561.935714286,5333885.458000001,5573953.558666667,-240068.10066666667
2017-08-17,4035498.92,5750566.25,-1715067.33,-0.4249951155977512,2973740.0657142852,5277649.855333333,5583826.246,-306176.3906666666
2017-08-18,3226338.29,4356894.77,-1130556.4799999995,-0.350414735957524,2982596.3114285716,5191068.502333333,5550950.697666666,-359882.19533333334
2017-08-19,2594209.32,3620782.22,-1026572.9000000004,-0.3957170657300701,3009639.738571428,5018612.954,5438873.963666666,-420261.0096666666
2017-08-20,2793076.6,3941814.02,-1148737.42,-0.41128031361545897,3069265.89,4853644.242,5343561.492,-489917.24999999994
2017-08-21,2634922.72,3676913.21,-1041990.4899999998,-0.3954539091757498,3011601.381428571,4773768.015333334,5323448.6866666665,-549680.6713333332
2017-08-22,3146373.54,4106696.92,-960323.3799999999,-0.30521594711859923,3093836.6114285714,4684552.3133333335,5306403.7283333335,-621851.4149999999
2017-08-23,3476965.73,4769850.97,-1292885.2399999998,-0.3718429632034365,3129626.445714285,4611867.554666667,5316100.847,-704233.2923333332
2017-08-24,4910360.99,6796852.79,-1886491.7999999998,-0.3841859700013623,3254606.7414285718,4532949.399666667,5351471.7206666665,-818522.3209999999
2017-08-25,3349335.96,4548124.98,-1198789.0200000005,-0.3579184155655739,3272177.8371428573,4367148.7069999995,5278097.536666666,-910948.8296666666
2017-08-26,2646726.51,3741666.75,-1094940.2400000002,-0.41369602634161107,3279680.292857143,4116632.341333334,5133414.972333333,-1016782.6309999999
2017-08-27,2383553.18,3067888.41,-684335.23,-0.28710717920713646,3221176.947142857,3913312.4646666665,5006392.714666666,-1093080.25
2017-08-28,3635080.01,5161278.75,-1526198.7400000002,-0.4198528604051277,3364056.56,3780376.5266666664,4974189.957333333,-1193813.4306666667
2017-08-29,7306573.99,9554867.54,-2248293.549999999,-0.30770831214151556,3958370.9099999997,3730310.887,5017468.276333333,-1287157.3893333334
2017-08-30,6946636.36,9396255.8,-2449619.4400000004,-0.3526338954641927,4454038.142857144,3646313.775,4959729.900333333,-1313416.1253333332
2017-08-31,7907948.51,10017576.0,-2109627.49,-0.2667730432655536,4882264.931428572,3673129.194666667,4997209.895666667,-1324080.7010000001
2017-09-01,5962206.68,7605277.51,-1643070.83,-0.2755809917679674,5255532.177142858,3663788.338,4965503.134,-1301714.7959999999
2017-09-02,6245530.26,7453975.27,-1208445.0099999998,-0.19348957729651603,5769646.9985714285,3653276.722,4914034.974,-1260758.252
2017-09-03,2366258.16,2028274.79,337983.3700000001,0.14283452909466146,5767176.281428571,3549750.5276666665,4727025.780666666,-1177275.2529999998
2017-09-04,3110959.61,2696832.33,414127.2799999998,0.13311882245877174,5692301.938571429,3599248.243666666,4743843.519666667,-1144595.276
2017-09-05,4156708.13,3697301.2,459406.9299999997,0.11052181573306658,5242321.101428571,3669271.0270000002,4769212.862333333,-1099941.8353333334
2017-09-06,3962558.61,3470517.33,492041.2799999998,0.12417261886253837,4816024.28,3732325.7070000004,4795776.074666667,-1063450.3676666666
2017-09-07,3177169.11,2911789.0,265380.10999999987,0.08352722213140235,4140198.6514285714,3750518.5683333334,4772718.768000001,-1022200.1996666667
2017-09-08,2758623.23,2466116.27,292506.95999999996,0.1060336753562392,3682543.8728571427,3754618.2656666664,4735194.809666666,-980576.544
2017-09-09,3407389.12,3057748.67,349640.4500000002,0.10261242191205922,3277095.1385714286,3764056.169333333,4701127.189333334,-937071.02
2017-09-10,2833078.04,2447241.71,385836.3300000001,0.1361897994168915,3343783.6928571425,3753013.951666667,4637195.923333334,-884181.9716666666
2017-09-11,4351501.62,3874079.03,477422.5900000003,0.1097144461134316,3521003.98,3817900.4946666663,4655478.355666667,-837577.8609999999
2017-09-12,5272757.92,4657582.93,615174.9900000002,0.11667044065622498,3680439.6642857143,3914469.3073333334,4705849.014333334,-791379.707
2017-09-13,4375381.18,3897483.92,477897.2599999998,0.10922414307226137,3739414.317142857,3959029.5373333334,4698149.863333333,-739120.3259999999
2017-09-14,2944995.39,2598454.0,346541.39000000013,0.11767128436829238,3706246.6428571427,3971505.1526666665,4661118.558333334,-689613.4056666666
2017-09-15,4050240.35,3493814.51,556425.8400000003,0.13738094333093104,3890763.3742857142,3998965.2679999997,4628817.261666667,-629851.9936666667
2017-09-16,3998480.39,3572766.48,425713.91000000015,0.10646892531089795,3975204.9842857146,3997731.3170000003,4556223.936,-558492.6189999998
2017-09-17,3646297.83,3324722.05,321575.78000000026,0.08819240637838963,4091379.2399999998,4011729.9683333333,4521818.178666666,-510088.2103333333
2017-09-18,4708998.08,4108242.1,600755.98,0.12757617858276976,4142450.1628571427,4082222.927,4538066.841333333,-455843.91433333326
2017-09-19,5863767.93,5193156.23,670611.6999999993,0.11436532072987399,4226880.164285714,4184579.304666667,4579778.248333334,-395198.94366666663
2017-09-20,4348094.84,3813888.37,534206.4699999997,0.12285989373681641,4222982.1157142855,4241685.042,4584344.086999999,-342659.045
2017-09-21,3941062.22,3437534.89,503527.3300000001,0.1277643695764844,4365277.377142857,4268174.664666667,4562038.686,-293864.02133333334
2017-09-22,4296469.47,3871217.73,425251.73999999976,0.09897701891502089,4400452.965714285,4295491.456,4532084.244666667,-236592.78866666666
2017-09-23,4068464.64,3622953.87,445510.77,0.1095034145362512,4410450.715714285,4267428.244333333,4426287.614,-158859.36966666667
2017-09-24,3893369.27,3496467.09,396902.18000000017,0.10194311211584617,4445746.635714286,4285562.688,4391232.351,-105669.66299999999
2017-09-25,5274815.56,4684517.64,590297.9199999999,0.11190873183819909,4526577.704285714,4373165.656333333,4422660.714,-49495.05766666665
2017-09-26,5803004.55,5062124.41,740880.1399999997,0.12767181786890028,4517897.221428571,4487147.368666667,4489135.247333334,-1987.8786666666624
2017-09-27,7446035.82,6568633.22,877402.6000000006,0.11783486155724679,4960460.218571429,4614179.229,4536047.063,78132.16600000003
2017-09-28,7777371.32,7033425.19,743946.1299999999,0.0956552155465299,5508504.375714286,4629872.473333333,4451998.984666666,177873.48866666664
2017-09-29,5297992.65,4816175.26,481817.3900000006,0.09094338588786086,5651579.115714286,4574917.683,4299329.633333334,275588.04966666666
2017-09-30,5604370.48,4849617.32,754753.1600000001,0.13467224600754804,5870994.235714287,4498131.748666667,4127064.3439999996,371067.4046666667
2017-10-01,4057941.88,3476480.87,581461.0099999998,0.1432896347938822,5894504.608571428,4434656.255333333,3989437.7893333333,445218.466
2017-10-02,2879522.46,2342981.57,536540.8900000001,0.1863298159514964,5552319.880000001,4322455.9953333335,3819071.3326666667,503384.66266666667
2017-10-03,2733645.95,2251158.64,482487.31000000006,0.17649956096179903,5113840.08,4334702.255,3826500.7943333336,508201.4606666667
2017-10-04,3991921.57,3166198.46,825723.1099999999,0.20684853034324518,4620395.187142857,4364067.653666667,3842146.332,521921.32166666666
2017-10-05,3219806.7,2540926.63,678880.0700000003,0.21084497712238448,3969314.527142857,4332837.606,3803600.513,529237.0930000001
2017-10-06,2919860.88,2393697.54,526163.3399999999,0.18020151014866156,3629581.4171428573,4298081.015,3767706.5200000005,530374.495
2017-10-07,3614512.4,2790501.3,824011.1000000001,0.22797296254952676,3345315.977142857,4312659.124666667,3763663.596666666,548995.528
2017-10-08,3915909.65,3064193.34,851716.31,0.21750152228359,3325025.6585714286,4351235.338666667,3783599.499,567635.8396666667
2017-10-09,3295589.64,2601027.16,694562.48,0.21075514729437003,3384463.827142857,4347508.689333334,3768375.4486666666,579133.2406666668
2017-10-10,3865996.54,3056078.01,809918.5300000003,0.20949799660193183,3546228.1971428576,4381939.306,3788669.992,593269.314
2017-10-11,5115944.9,4157714.79,958230.1100000003,0.18730266426442557,3706802.958571429,4407420.748666667,3798124.5173333334,609296.2313333334
2017-10-12,4480692.67,3480805.66,999887.0099999998,0.2231545619485658,3886929.5257142857,4381018.573666667,3758898.6083333334,622119.9653333334
2017-10-13,3073492.71,2485145.78,588346.9300000002,0.19142616739767707,3908876.9299999997,4337622.291333334,3711820.6703333333,625801.6209999999
2017-10-14,3790006.69,2996354.65,793652.04,0.20940650107401262,3933947.542857143,4365789.334666667,3725084.0253333333,640705.3093333335
2017-10-15,3744243.63,2920145.88,824097.75,0.2200972563315812,3909423.825714286,4355589.444,3705961.7376666665,649627.7063333334
2017-10-16,4113305.99,3202804.6,910501.3900000001,0.22135513190935743,4026240.4471428576,4359416.964,3693629.675,665787.2890000001
2017-10-17,4345077.6,3330124.96,1014952.6399999997,0.23358676954354043,4094680.5985714286,4382709.623,3693809.772,688899.851
2017-10-18,6078621.94,4769081.72,1309540.2200000007,0.21543373365312476,4232205.89,4428363.751666667,3715837.7593333335,712525.9923333335
2017-10-19,3916465.28,3063562.45,852902.8299999996,0.21777362213715312,4151601.977142857,4363453.663333333,3644851.3,718602.3633333334
2017-10-20,3454637.53,2776840.51,677797.02,0.19619917114719704,4206051.237142857,4333671.753,3610283.038,723388.715
2017-10-21,3395571.6,2700303.7,695267.8999999999,0.20475724911823384,4149703.367142857,4315488.732333333,3585708.6649999996,729780.0673333334
2017-10-22,3560322.33,2849008.19,711314.1400000001,0.19978925335111444,4123428.895714286,4290950.494333333,3551635.013666667,739315.4806666668
2017-10-23,3915143.5,3019168.91,895974.5899999999,0.2288484674955081,4095119.968571428,4285839.789666667,3531508.8483333336,754330.9413333334
2017-10-24,3172297.01,2492929.42,679367.5899999999,0.21415636299452298,3927579.8842857145,4261804.047666667,3498057.5926666665,763746.455
2017-10-25,6656072.71,5320570.98,1335501.7299999995,0.20064410173788494,4010072.8514285716,4307845.952666666,3519259.370666667,788586.582
2017-10-26,5244501.34,4208554.22,1035947.1200000001,0.1975301468795125,4199792.288571429,4289229.1790000005,3490807.0310000004,798422.148
2017-10-27,3452345.34,2711681.12,740664.2199999997,0.21453943538568473,4199464.832857142,4156106.1630000006,3362241.961,793864.2019999999
2017-10-28,3658997.27,2958790.37,700206.8999999999,0.19136578913052862,4237097.071428572,4018827.028,3226420.8003333337,792406.2276666667
2017-10-29,7644126.36,6130363.53,1513762.83,0.19802954042219678,4820497.647142857,4097031.485,3270227.076,826804.409
2017-10-30,7135440.35,5691818.99,1443621.3599999994,0.2023170665283467,5280540.054285714,4148067.1473333333,3298300.4650000003,849766.6823333333
2017-10-31,7280919.6,5711548.55,1569371.0499999998,0.2155457189775863,5867486.138571428,4255499.738,3372802.721,882697.0170000001
2017-11-01,7083914.55,5591633.48,1492281.0699999994,0.21065768925741762,5928606.401428572,4395646.141,3481091.118,914555.023
2017-11-02,5199936.08,4288675.49,911260.5899999999,0.1752445753140873,5922239.935714285,4477855.812,3549008.3463333333,928847.4656666666
2017-11-03,1577128.76,1289906.6,287222.1599999999,0.18211712783679115,5654351.852857143,4397362.718333334,3486465.2843333334,910897.434
2017-11-04,1931786.56,1566251.33,365535.23,0.18922133405876887,5407607.465714285,4354428.713666666,3453976.1076666666,900452.6059999999
2017-11-05,2523519.9,2073018.57,450501.32999999984,0.17852101344633733,4676092.257142857,4341217.347666667,3443286.808666667,897930.539
2017-11-06,3018330.58,2360833.81,657496.77,0.21783457861000766,4087933.718571428,4321344.6203333335,3428964.559,892380.0613333334
2017-11-07,4095990.43,3338509.96,757480.4700000002,0.18493218745142434,3632943.8371428573,4327347.313,3438108.4463333334,889238.8666666666
2017-11-08,4277782.67,3348300.89,929481.7799999998,0.21728120657424604,3232067.8542857138,4360087.080666666,3463017.5706666666,897069.5099999999
2017-11-09,2792998.33,2205753.88,587244.4500000002,0.2102559259317567,2888219.604285714,4324320.473666667,3434673.4329999997,889647.0406666666
2017-11-10,3541249.75,2843011.6,698238.1499999999,0.19717280601290543,3168808.317142857,4271830.635333333,3390849.9933333336,880980.6419999999
2017-11-11,2921904.65,2403613.27,518291.3799999999,0.1773813461024472,3310253.7585714282,4219871.034666667,3354943.580333334,864927.4543333333
2017-11-12,3084484.33,2422146.93,662337.3999999999,0.21473197109741837,3390391.534285714,4220237.422,3352843.6186666666,867393.8033333332
2017-11-13,3746234.93,2946152.31,800082.6200000001,0.2135697933925356,3494377.87,4218778.363333333,3351170.2073333333,867608.1559999998
2017-11-14,4154076.39,3314644.14,839432.25,0.20207434124724893,3502675.8642857145,4232439.455333333,3364320.1493333336,868119.306
2017-11-15,3854132.18,3119546.66,734585.52,0.19059686738611026,3442154.365714286,4223800.328333333,3361544.8846666664,862255.4436666666
2017-11-16,3066706.38,2516030.25,550676.1299999999,0.17956597788145598,3481255.5157142854,4181187.9543333338,3334408.3943333332,846779.5599999999
2017-11-17,2781968.82,2191402.04,590566.7799999998,0.21228375233910776,3372786.8114285716,4071299.5169999995,3248485.7383333337,822813.7786666665
2017-11-18,2774765.8,2218818.06,555947.7399999998,0.20035843745803691,3351766.975714286,4033242.867666667,3220327.592,812915.2756666666
2017-11-19,3132539.58,2911417.5,221122.08000000007,0.07058875853054666,3358632.0114285713,4022506.2693333332,3224813.4916666667,797692.7776666667
2017-11-20,2995966.89,2760945.71,235021.18000000017,0.07844585358551814,3251450.862857143,4009186.112333333,3226834.892,782351.2203333334
2017-11-21,2297213.47,2128140.16,169073.31000000006,0.07359930289804545,2986184.7314285715,3967082.483666667,3202805.9576666667,764276.526
2017-11-22,2248567.69,2263677.12,-15109.430000000168,-0.006719579787255668,2756818.3757142858,3911529.9566666665,3177622.898,733907.0586666666
2017-11-23,1749357.29,1656734.06,92623.22999999998,0.05294700546850551,2568625.6485714284,3864098.6326666665,3149749.7193333334,714348.9133333333
2017-11-24,1620958.87,1618303.7,2655.1700000001583,0.0016380242886731347,2402767.084285714,3696261.5046666665,3026340.81,669920.6946666667
2017-11-25,2674533.14,2727514.77,-52981.62999999989,-0.019809674147466306,2388448.132857143,3610595.898,2976972.828333333,633623.0696666666
2017-11-26,2940959.43,2955583.74,-14624.310000000056,-0.004972632349437086,2361079.54,3593549.7009999994,2985102.915666667,608446.7853333333
2017-11-27,3888410.38,3813390.96,75019.41999999993,0.019293081920020987,2488571.467142857,3601196.804666667,3013589.602,587607.2026666666
2017-11-28,5847881.51,5752351.51,95530.0,0.016335830306520693,2995809.7585714287,3541321.976333333,3000989.2013333337,540332.7749999999
2017-11-29,4871438.96,4803864.88,67574.08000000007,0.013871482441812239,3370505.654285714,3465855.2633333337,2971390.731,494464.5323333333
2017-11-30,4264134.96,4156136.15,107998.81000000006,0.025327249492122093,3729759.6071428573,3365295.775333333,2919543.651,445752.1243333333
2017-12-01,2565213.32,2510402.2,54811.119999999646,0.021367080691753016,3864653.1,3214672.401,2816835.941666667,397836.4593333333
2017-12-02,2798541.49,2818052.3,-19510.80999999959,-0.00697177800283375,3882368.578571428,3134625.9146666666,2767815.1686666664,366810.74600000004
2017-12-03,1410398.63,1318304.86,92093.76999999979,0.0652962701757586,3663717.035714286,3129068.243666666,2768761.7773333336,360306.46633333334
2017-12-04,1209471.35,1144863.17,64608.18000000017,0.053418528681973464,3281011.46,3104991.0700000003,2754715.5053333333,350275.5646666667
2017-12-05,1723297.16,1680632.44,42664.71999999997,0.024757610579477757,2691785.1242857142,3078316.9786666664,2741635.9676666665,336681.011
2017-12-06,1875094.15,1865514.43,9579.719999999972,0.005108927463722273,2263735.865714286,3040209.097666667,2725125.321666667,315083.77599999995
2017-12-07,2133387.42,2193351.43,-59964.01000000024,-0.028107417076641543,1959343.3599999999,2974788.997333333,2686953.370666667,287835.62666666665
2017-12-08,1553493.17,1488945.36,64547.80999999982,0.041550108649656844,1814811.91,2883979.3473333335,2624974.853,259004.4943333333
2017-12-09,1605808.62,1631952.74,-26144.11999999988,-0.016280968774473187,1644421.5,2844406.357,2605848.1483333334,238558.20866666667
2017-12-10,1836022.63,1769756.1,66266.5299999998,0.036092436398782186,1705224.9285714286,2787565.4529999997,2570072.9649999994,217492.48799999998
2017-12-11,2040261.84,2142116.71,-101854.86999999988,-0.049922450149829725,1823909.2842857142,2758177.3593333336,2561356.413,196820.94633333333
2017-12-12,2636835.06,2612267.82,24567.240000000224,0.009316942258800299,1954414.6985714287,2743255.717,2567693.776,175561.94100000002
2017-12-13,2887343.12,2845278.71,42064.41000000015,0.014568552559143074,2099021.694285714,2714625.99,2564331.322666667,150294.66733333332
2017-12-14,2544808.4,2511218.15,33590.25,0.013199520246789503,2157796.12,2660983.7236666665,2537550.456333333,123433.26733333335
2017-12-15,2615767.25,2602096.36,13670.89000000013,0.005226340378716849,2309549.56,2619704.892666667,2520302.113,99402.77966666668
2017-12-16,1895310.17,1824600.76,70709.40999999992,0.0373075663916265,2350906.9242857145,2580658.352333333,2497254.4633333334,83403.88900000001
2017-12-17,2997880.85,2962168.44,35712.41000000015,0.011912551494499905,2516886.6700000004,2587855.4200000004,2522946.6766666668,64908.74333333336
2017-12-18,2575839.99,2572642.87,3197.1200000001118,0.001241195110104689,2593397.834285714,2581224.5596666667,2534740.837,46483.722666666705
2017-12-19,2830509.48,2835294.19,-4784.709999999963,-0.0016904059264977141,2621065.608571429,2571156.889666667,2532203.393333333,38953.496333333365
2017-12-20,3950305.28,3962113.72,-11808.44000000041,-0.002989247453807016,2772917.3457142855,2602968.1693333336,2572242.327,30725.84233333335
2017-12-21,2446276.92,2392977.63,53299.29000000004,0.021787921704301588,2758841.4200000004,2607936.9509999994,2581070.2426666664,26866.70833333335
2017-12-22,2423079.28,2383321.92,39757.35999999987,0.01640778340525444,2731314.567142857,2613754.0039999997,2585058.4026666665,28695.60133333335
2017-12-23,2343205.29,2302420.5,40784.79000000004,0.017405555618219024,2795299.584285714,2633548.9373333333,2606581.284,26967.653333333354
2017-12-24,1582944.12,1537881.36,45062.76000000001,0.028467688423518076,2593165.7657142854,2632281.779,2603900.5393333333,28381.23966666668
2017-12-25,1888197.46,1829750.85,58446.60999999987,0.030953653544264312,2494931.118571428,2606070.5896666665,2573975.0753333336,32095.51433333334
2017-12-26,2701416.56,2654070.12,47346.439999999944,0.017526523195667366,2476489.272857143,2598085.8273333334,2563924.621333333,34161.206000000006
2017-12-27,4103218.35,4112542.69,-9324.339999999851,-0.0022724454817277394,2498333.9971428574,2605246.093,2573896.345666667,31349.747333333347
2017-12-28,3545279.44,3453711.8,91567.64000000013,0.025828045870482957,2655334.3571428573,2528492.6906666667,2497275.022,31217.668666666683
2017-12-29,6520226.98,6483039.79,37187.19000000041,0.005703358198122178,3240641.1714285715,2583452.291333333,2553247.519,30204.772333333363
2017-12-30,5342810.18,5371586.26,-28776.080000000075,-0.005385944667792798,3669156.1557142856,2619408.132,2593762.522666667,25645.60933333336
2017-12-31,5157535.61,5013423.96,144111.65000000037,0.027941959280044674,4179812.0828571427,2705818.875,2677196.581333333,28622.293666666716
2018-01-01,4076479.77,3905605.37,170874.3999999999,0.04191714656785845,4492423.841428571,2748416.8176666666,2713448.3503333335,34968.46733333336
2018-01-02,3624718.09,3245091.67,379626.4199999999,0.10473267453469738,4624324.0600000005,2822227.466333334,2777674.577333333,44552.88900000004
2018-01-03,1228388.32,997328.86,231059.46000000008,0.18809968821585674,4213634.055714286,2822858.0319999997,2772756.767,50101.265000000036
2018-01-04,1209588.0,943742.57,265845.43000000005,0.21978180173745115,3879963.8500000006,2805734.393333333,2748193.7713333336,57540.62200000004
2018-01-05,1515574.79,1226621.86,288952.92999999993,0.19065567196456198,3165013.5371428574,2793750.4146666666,2726897.352333334,66853.06233333336
2018-01-06,1836672.15,1424469.16,412202.99,0.22442927007958388,2664136.6757142856,2783859.9056666666,2701267.9433333334,82591.96233333337
2018-01-07,1476050.73,1224918.4,251132.33000000007,0.17013800738406876,2138210.2642857144,2781278.491,2692467.044666666,88811.44633333338
2018-01-08,2536686.97,2085102.3,451584.67000000016,0.17802144109251294,1918239.8642857145,2812307.7693333332,2707572.0300000003,104735.73933333339
2018-01-09,2729162.63,2140605.04,588557.5899999999,0.21565500843751473,1790303.3699999999,2842079.102666667,2719933.6613333332,122145.4413333334
2018-01-10,2434343.96,1884221.76,550122.2,0.2259837595012662,1962582.7471428572,2855215.1733333333,2711337.163,143878.01033333337
2018-01-11,2183840.91,1845305.97,338534.9400000002,0.15501813270821094,2101761.7342857146,2840115.368333333,2685771.768,154343.6003333334
2018-01-12,2862550.24,2341061.28,521488.9600000004,0.1821763519511191,2294186.7985714287,2839288.9390000002,2668964.5203333334,170324.41866666672
2018-01-13,2753366.32,2271479.73,481886.58999999985,0.17501724579822706,2425143.108571429,2846240.8696666667,2660973.2396666664,185267.63000000003
2018-01-14,2226116.52,1762940.79,463175.73,0.2080644592673882,2532295.3642857145,2833252.512,2633001.3873333335,200251.12466666673
2018-01-15,3128561.64,2520530.26,608031.3800000004,0.1943485377516808,2616848.8885714286,2874360.8943333332,2656199.0373333334,218161.85700000005
2018-01-16,3770286.85,3022848.85,747438.0,0.19824433252339937,2765580.9200000004,2900107.761,2658221.7176666665,241886.0433333334
2018-01-17,3240996.79,2645347.64,595649.1499999999,0.18378578832224018,2880817.0385714285,2922279.654333333,2660645.21,261634.4443333334
2018-01-18,2110305.53,1667911.37,442394.1599999997,0.20963512330842432,2870311.9842857146,2898272.8559999997,2621732.4493333334,276540.4066666667
2018-01-19,2086549.59,1700643.75,385905.8400000001,0.18494927791292037,2759454.7485714285,2836147.666333333,2546350.117,289797.5493333334
2018-01-20,2418121.84,2008335.01,409786.82999999984,0.16946492241267705,2711562.6799999997,2835209.163666667,2533528.6963333334,301680.46733333333
2018-01-21,2484308.01,1971853.24,512454.7699999998,0.20627666454289612,2748447.1785714286,2837250.121333333,2519813.073666667,317437.04766666674
2018-01-22,3315490.36,2730843.03,584647.3300000001,0.17633811790060525,2775151.2814285713,2869659.6236666664,2534093.824666667,335565.79900000006
2018-01-23,4611238.46,3755442.15,855796.31,0.18558925490918984,2895287.2257142854,2970602.768333333,2608012.517666667,362590.2506666667
2018-01-24,3270861.1,2653232.42,617628.6800000002,0.1888275475837235,2899553.555714286,3016691.5563333333,2635461.9033333333,381229.65300000005
2018-01-25,2275701.54,1820602.61,455098.92999999993,0.19998181747506305,2923181.557142857,3002501.055666667,2607679.653,394821.4026666667
2018-01-26,2897617.42,2400983.47,496633.9499999997,0.17139389988896456,3039048.39,2962314.3580000005,2550627.6789999995,411686.67900000006
2018-01-27,3617772.88,2965865.28,651907.6000000001,0.1801958336312146,3210427.11,2964730.8060000003,2534366.128333333,430364.6776666667
2018-01-28,3128272.36,2453931.52,674340.8399999999,0.2155633405270377,3302422.017142857,2851665.6520000002,2400062.5193333332,451603.1326666667
2018-01-29,5197360.04,4086899.16,1110460.88,0.2136586404354623,3571260.5428571426,2846817.3140000002,2357239.616,489577.69800000003
2018-01-30,5706924.49,4618954.53,1087969.96,0.1906403285879116,3727787.118571428,2865130.2766666664,2344090.635,521039.64166666666
2018-01-31,5009601.43,4199624.93,809976.5,0.16168481890584258,3976178.5942857144,2896234.3320000004,2353891.287,542343.045
2018-02-01,3670728.79,3012405.31,658323.48,0.1793440806069467,4175468.2014285713,2897768.022,2346135.075,551632.947
2018-02-02,4258063.02,3505527.95,752535.0699999994,0.17673178308197032,4369817.572857142,2998757.1786666666,2429741.7113333335,569015.4673333333
2018-02-03,1981564.16,1568068.11,413496.0499999998,0.2086715425858327,4136073.4699999997,3024489.7173333336,2450552.5626666667,573937.1546666666
2018-02-04,2874335.62,2202119.84,672215.7800000003,0.23386822865173978,4099796.792857143,3069781.7449999996,2483069.162,586712.5830000001
2018-02-05,3130745.66,2498095.83,632649.8300000001,0.20207640565730275,3804566.167142857,3112917.528666667,2518856.7176666665,594060.811
2018-02-06,3339473.15,2568216.59,771256.56,0.23095156791423824,3466358.8328571427,3175031.6093333336,2563633.324,611398.2853333334
2018-02-07,2805812.6,2202832.26,602980.3400000003,0.21490399608298869,3151531.8571428573,3184002.4636666668,2567557.656,616444.8076666667
2018-02-08,2150875.76,1718669.78,432205.97999999975,0.20094418656705668,2934409.9957142854,3164726.2346666665,2553493.1473333333,611233.0873333333
2018-02-09,2144621.01,1686060.42,458560.58999999985,0.21381893950577305,2632489.708571429,3155068.8030000003,2546887.7693333332,608181.0336666667
2018-02-10,2584198.15,2095864.1,488334.0499999998,0.1889692746664956,2718580.2785714283,3168414.044333333,2555239.707,613174.3373333332
2018-02-11,2962791.58,2320546.01,642245.5700000003,0.2167704182553402,2731216.8442857144,3171755.4223333327,2554555.8646666664,617199.5576666666
2018-02-12,3622566.63,2796978.04,825588.5899999999,0.22790156105424067,2801476.9828571426,3200728.7660000003,2572072.475,628656.2909999999
2018-02-13,4418784.14,3538184.9,880599.2399999998,0.19928541700613595,2955664.267142857,3273817.686666667,2631247.2786666667,642570.408
2018-02-14,4218153.95,3395697.77,822456.1800000002,0.1949801239473491,3157427.317142857,3310137.4303333336,2660419.5289999996,649717.9013333333
2018-02-15,3128927.36,2501462.4,627464.96,0.20053676158209055,3297148.9742857143,3288758.7806666666,2643039.9806666668,645718.8
2018-02-16,3463265.1,2649618.11,813646.9900000002,0.23493638705278444,3485526.701428572,3296167.7243333333,2643182.3296666667,652985.3946666666
2018-02-17,4206774.3,3318989.93,887784.3699999996,0.21103684359771802,3717323.294285714,3366050.0166666666,2698218.2816666663,667831.735
2018-02-18,3926304.19,3167573.08,758731.1099999999,0.19324307880485436,3854967.9528571432,3427375.17,2747115.926,680259.2440000001
2018-02-19,4186201.52,3338454.11,847747.4100000001,0.20250993793533384,3935487.222857143,3486311.1593333334,2791453.2293333337,694857.9299999999
2018-02-20,5091061.73,4033905.61,1057156.1200000006,0.2076494405421402,4031526.878571429,3573202.95,2860188.308333333,713014.6416666667
2018-02-21,3907743.08,3150049.7,757693.3799999999,0.19389539293867802,3987182.4685714287,3592944.7073333333,2874161.8639999996,718782.8433333334
2018-02-22,3063440.84,2341066.15,722374.69,0.2358050074177375,3977827.251428571,3541351.453333333,2827015.9973333334,714335.456
2018-02-23,3544367.16,2804587.84,739779.3200000003,0.20871971965793754,3989413.2600000002,3550468.3219999997,2832061.1780000003,718407.144
2018-02-24,3364498.21,2679591.94,684906.27,0.20356862368489714,3869088.104285714,3586761.544333333,2860694.1556666666,726067.3886666667
2018-02-25,4015454.83,3238625.9,776828.9300000002,0.1934597605721293,3881823.91,3624022.791333333,2888615.5700000003,735407.2213333334
2018-02-26,7426597.23,5998758.22,1427839.0100000007,0.1922601920879989,4344737.582857143,3750983.603,2989712.0013333336,761271.6016666667
2018-02-27,8416365.51,6844455.72,1571909.79,0.1867682419605372,4819780.9799999995,3927253.374666667,3136062.808,791190.5666666667
2018-02-28,8409092.75,6627677.09,1781415.6600000001,0.2118439780557778,5462830.932857143,4034311.1316666664,3220755.405666666,813555.726
2018-03-01,6963830.59,5570058.79,1393771.7999999998,0.20014441505820718,6020029.468571429,4076208.0016666665,3252458.8809999996,823749.1206666667
2018-03-02,5613671.87,4371797.12,1241874.75,0.22122325258031156,6315644.427142858,4096343.683,3258197.9540000004,838145.7290000002
2018-03-03,1177076.3,967531.27,209545.03000000003,0.1780216201787429,6003155.582857142,4013221.933333333,3190035.486,823186.4473333334
2018-03-04,2218712.31,1781519.01,437193.30000000005,0.19704821487198584,5746478.08,3945243.5763333337,3132568.5213333336,812675.055
2018-03-05,2742871.53,2230053.99,512817.5399999996,0.18696374744171834,5077374.408571429,3970620.4886666667,3154634.717333333,815985.7713333333
2018-03-06,3203122.41,2519131.06,683991.3500000001,0.21353893559128764,4332625.394285714,3981580.0483333333,3165201.758,816378.2903333333
2018-03-07,4507553.37,3470623.71,1036929.6600000001,0.2300426805595427,3775262.625714286,4027473.6386666666,3197619.354,829854.2846666668
2018-03-08,3419972.83,2864363.46,555609.3700000001,0.16246017077276023,3268997.2314285715,4030156.9613333335,3207490.9163333336,822666.0450000002
2018-03-09,3250890.44,2689334.35,561556.0899999999,0.17273916188944216,2931457.027142857,4044992.8893333334,3223707.6526666665,821285.2366666667
2018-03-10,3479853.91,2832299.24,647554.6699999999,0.186086740060878,3260425.257142857,4089292.161,3260828.6346666664,828463.5263333335
2018-03-11,4342360.28,3337146.36,1005213.9200000004,0.23149021619182653,3563803.538571429,4162550.1366666663,3315864.8326666667,846685.3040000001
2018-03-12,3648185.26,2790754.99,857430.2699999996,0.2350292567104993,3693134.0714285714,4198016.373666667,3339027.8623333336,858988.5113333334
2018-03-13,5344808.38,4343953.93,1000854.4500000002,0.18725731192630712,3999089.21,4277416.933666667,3406474.7929999996,870942.1406666668
2018-03-14,6867137.98,5489756.33,1377381.6500000004,0.2005757935855543,4336172.725714286,4385569.312,3496234.069333334,889335.2426666667
2018-03-15,6357153.0,4930724.06,1426428.9400000004,0.22438172244713953,4755769.892857143,4450181.607333333,3542652.041333333,907529.566
2018-03-16,4667689.08,3716263.52,951425.56,0.2038322483981731,4958169.698571429,4465166.111666666,3553337.5663333335,911828.5453333334
2018-03-17,6875294.96,5458868.53,1416426.4299999997,0.20601682374947877,5443232.705714285,4590045.031666666,3651917.770666667,938127.2610000002
2018-03-18,5615859.9,4613908.21,1001951.6900000004,0.1784146520464302,5625161.222857143,4661798.191666666,3717394.107333333,944404.0843333334
2018-03-19,5314373.17,4472182.88,842190.29,0.15847405950982552,5863188.067142857,4698718.154,3755833.8723333334,942884.2816666667
2018-03-20,6054738.37,5116787.38,937950.9900000002,0.154911894235985,5964606.637142858,4769665.959999999,3820807.6823333334,948858.2776666668
2018-03-21,6826815.9,5913005.8,913810.1000000006,0.13385597522851034,5958846.340000001,4857686.439333334,3906626.0719999997,951060.3673333335
2018-03-22,5512035.33,4925778.06,586257.2700000005,0.10635949062394716,5838115.244285715,4871718.892666667,3936355.1536666667,935363.7390000001
2018-03-23,4008326.65,3711085.6,297241.0499999998,0.07415589495431961,5743920.611428572,4875071.678333334,3955056.3503333335,920015.3280000001
2018-03-24,5227586.74,4619965.13,607621.6100000003,0.11623367343685631,5508533.722857143,4947209.875,4031019.6496666665,916190.2253333335
2018-03-25,4970364.06,4473153.96,497210.0999999996,0.10003494593110342,5416320.031428571,4994743.105,4086638.5203333334,908104.5846666669
2018-03-26,6133670.91,5616024.38,517646.53000000026,0.08439424572910453,5533362.565714286,5087048.861666666,4184519.6016666666,902529.26
2018-03-27,6350306.2,5743746.71,606559.4900000002,0.09551657367325063,5575586.541428572,5164877.240666667,4268023.628666666,896853.6120000001
2018-03-28,8582287.61,7811323.78,770963.8299999991,0.08983197313286023,5826368.214285715,5203400.253333333,4328442.480666666,874957.7726666668
2018-03-29,7363015.35,6638405.71,724609.6399999997,0.09841207787241672,6090793.931428571,5168288.581333334,4321574.147,846714.4343333334
2018-03-30,12176690.89,10927925.46,1248765.4299999997,0.10255375957892938,7257703.10857143,5293875.186000001,4464915.759333333,828959.4266666666
2018-03-31,11278748.95,10156610.77,1122138.1799999997,0.09949136956364293,8122154.852857143,5437705.7979999995,4617800.825333333,819904.9726666667
2018-04-01,9326921.27,8552479.35,774441.9199999999,0.08303296420985014,8744520.168571427,5561480.778,4757156.899666666,804323.8783333334
2018-04-02,9532990.22,8745489.29,787500.9300000016,0.08260796579312986,9230137.212857144,5840011.242,5016422.167,823589.0750000001
2018-04-03,9176055.6,8274855.19,901200.4099999992,0.09821217844407996,9633815.698571429,6071922.685,5232866.706333334,839055.9786666668
2018-04-04,3771895.32,3451444.47,320450.8499999996,0.08495751414437441,8946616.799999999,6106223.478,5273579.7223333325,832643.7556666668
2018-04-05,2915055.94,2584733.26,330322.68000000017,0.11331606898768473,8311194.027142858,6096621.262333333,5275766.462333334,820854.8
2018-04-06,3716970.57,3290630.48,426340.08999999985,0.11470095928147203,7102662.552857143,6070268.502333334,5269766.687999999,800501.8143333333
2018-04-07,4650087.25,4137264.98,512822.27,0.11028228986456115,6155710.881428571,6111272.316333334,5312196.738666667,799075.5776666667
2018-04-08,4317415.31,3833384.91,484030.39999999944,0.1121111510581083,5440067.172857143,6146823.145333334,5350331.757333334,796491.3880000002
2018-04-09,4916546.48,4479387.83,437158.6500000004,0.08891579725287176,4780575.21,6194712.897666667,5405234.710333333,789478.1873333334
2018-04-10,7060893.97,6323343.96,737550.0099999998,0.10445561328829865,4478409.262857143,6285330.687333333,5504774.630333333,780556.057
2018-04-11,5719121.32,5144349.61,574771.71,0.10050000303193427,4756584.405714286,6354361.889333334,5583227.784333333,771134.105
2018-04-12,4925768.26,4274900.55,650867.71,0.13213526817439034,5043829.022857143,6340393.885333333,5580926.004999999,759467.8803333334
2018-04-13,4955951.73,4445276.84,510674.8900000006,0.10304274896559587,5220826.331428572,6276687.677,5546110.022,730577.655
2018-04-14,5934960.89,5111153.97,823806.9199999999,0.1388057874800924,5404379.708571428,6262614.606666666,5552124.352333333,710490.2543333335
2018-04-15,5904150.09,4782715.57,1121434.5199999996,0.18994004266581907,5631056.105714286,6303829.973666666,5587672.754,716157.2196666668
2018-04-16,7603253.45,6190718.89,1412534.5600000005,0.1857802806770831,6014871.387142858,6328095.256666667,5612067.766,716027.4906666668
2018-04-17,9179593.09,7283796.97,1895796.12,0.20652289283554726,6317542.6899999995,6446886.363000001,5701064.058,745822.305
2018-04-18,9507550.23,7504171.54,2003378.6900000004,0.21071449969084205,6858746.82,6586658.931666667,5802130.346666666,784528.5850000002
2018-04-19,6670677.39,5141784.57,1528892.8199999994,0.22919603671614516,7108019.552857143,6607190.232333333,5802963.5863333335,804226.646
2018-04-20,7753365.66,6032943.55,1720422.1100000003,0.22189358601719816,7507650.114285715,6638075.224333334,5806961.511333333,831113.713
2018-04-21,6793803.83,5216087.55,1577716.2800000003,0.2322287071394583,7630341.962857143,6680800.841,5816638.494333333,864162.3466666666
2018-04-22,7058897.65,5480418.64,1578479.0100000007,0.22361551169395416,7795305.899999999,6782486.540999999,5875616.2623333335,906870.2786666666
2018-04-23,8991635.45,7095225.16,1896410.289999999,0.21090827142018967,7993646.185714285,6907954.831333334,5958124.929999999,949829.9013333333
2018-04-24,10052878.22,8047009.91,2005868.3100000005,0.19953174266145646,8118401.204285714,7077371.97,6077253.461666668,1000118.5083333334
2018-04-25,9547875.66,7562805.33,1985070.33,0.20790701520300275,8124161.9799999995,7191178.795,6142146.16,1049032.635
2018-04-26,7281885.08,5826147.75,1455737.33,0.19991215379081484,8211477.364285714,7222231.424333333,6144892.861333334,1077338.563
2018-04-27,7916179.31,6291028.22,1625151.0899999999,0.20529488107312718,8234736.457142857,7200027.814333334,6094216.342666667,1105811.4716666667
2018-04-28,10502784.65,8150501.12,2352283.5300000003,0.22396760558163023,8764590.86,7304686.791,6144619.523,1160067.268
2018-04-29,12074392.53,9758209.64,2316182.8899999987,0.19182603880445478,9481090.128571428,7301276.8456666665,6105628.995666666,1195647.85
2018-04-30,12464011.32,10080235.11,2383776.210000001,0.19125273146815475,9977143.824285716,7340785.591333333,6103083.140333334,1237702.4510000001
2018-05-01,13778926.53,10888681.41,2890245.119999999,0.20975836642333845,10509436.44,7489185.766666667,6180956.542333334,1308229.2243333333
2018-05-02,12779953.62,10186293.15,2593660.469999999,0.20294756515712606,10971161.862857144,7597417.88,6228983.337666666,1368434.5423333333
2018-05-03,9480205.54,7740627.05,1739578.4899999993,0.18349586226376263,11285207.642857144,7607556.2113333335,6211175.732999999,1396380.4783333333
2018-05-04,3081716.09,2431808.71,649907.3799999999,0.21089138681818023,10594570.040000001,7584550.237000001,6177187.874333333,1407362.3626666665
2018-05-05,4882374.55,3844333.13,1038041.4199999999,0.21260995226185586,9791654.311428571,7650127.524,6219174.536666666,1430952.9873333334
2018-05-06,4852630.6,3859217.33,993413.2699999996,0.20471644184084395,8759974.035714285,7687982.858333333,6238127.431666668,1449855.4266666665
2018-05-07,5630735.57,4477313.26,1153422.3100000005,0.20484398453113656,7783791.785714285,7720671.135666667,6249462.374333333,1471208.761333333
2018-05-08,5961711.29,4782188.47,1179522.8200000003,0.19784970499636528,6667046.7514285715,7775481.001666666,6281089.159666667,1494391.842
2018-05-09,8207932.76,6468074.72,1739858.04,0.21197274525431176,6013900.914285714,7885193.877666666,6347378.722666666,1537815.1550000003
2018-05-10,7249267.2,5767724.99,1481542.21,0.20437130666117534,5695195.437142857,7891472.985333334,6328858.090333333,1562614.8949999998
2018-05-11,5934039.42,4706572.43,1227466.9900000002,0.20685184292220293,6102670.198571429,7898636.922,6314265.517666667,1584371.4043333333
2018-05-12,5782619.05,4599452.28,1183166.7699999996,0.20460742092287743,6231276.555714286,7927198.614999999,6325083.9086666675,1602114.7063333334
2018-05-13,5902938.45,4640987.62,1261950.83,0.21378349794584087,6381320.534285715,7958764.839,6331607.601333334,1627157.2376666667
2018-05-14,7023913.46,5532477.08,1491436.38,0.21233695268221597,6580345.947142856,7995063.258,6345651.705,1649411.553
2018-05-15,8789772.31,6971865.67,1817906.6400000006,0.2068206747439628,6984354.664285714,8091250.665333333,6418623.375,1672627.2903333332
2018-05-16,9398231.32,7399830.54,1998400.7800000003,0.21263583667570338,7154397.315714286,8151083.260999999,6458927.096666667,1692156.1643333333
2018-05-17,9816742.13,7698242.57,2118499.5600000005,0.21580474784255135,7521179.448571429,8172321.562333332,6472741.95,1699579.6123333334
2018-05-18,7337944.43,5819237.35,1518707.08,0.20696628251789584,7721737.3071428565,8100001.369,6416577.477,1683423.892
2018-05-19,6925640.35,5627670.43,1297969.92,0.1874151492720814,7885026.064285715,8108500.134333333,6432773.672333333,1675726.462
2018-05-20,8653992.04,6799995.97,1853996.0699999994,0.214235934286808,8278033.72,8138521.013666666,6458342.0863333335,1680178.9273333333
2018-05-21,6241809.14,4958178.74,1283630.3999999994,0.20565037655092405,8166304.531428571,8120121.190666666,6449745.126,1670376.0646666666
2018-05-22,7847121.97,6132458.54,1714663.4299999997,0.21850857378733973,8031640.197142857,8146395.334666667,6471479.789333333,1674915.5453333333
2018-05-23,11779004.94,9369180.79,2409824.1500000004,0.20458639437500742,8371750.714285715,8239307.651,6547278.310333333,1692029.3406666666
2018-05-24,9030397.74,7160269.86,1870127.88,0.207092526137171,8259415.801428571,8205224.968333334,6517720.308666666,1687504.6596666665
2018-05-25,6498399.18,5141245.68,1357153.5,0.20884428032320415,8139480.765714286,8103575.752333334,6437001.653666667,1666574.0986666668
2018-05-26,5600677.63,4596266.34,1004411.29,0.17933745813540067,7950200.377142856,8047535.504,6396005.606666666,1651529.897333333
2018-05-27,6413198.63,5135755.4,1277443.2299999995,0.19918971853207665,7630087.032857142,7997436.148,6357496.512666667,1639939.6353333334
2018-05-28,7438573.25,5854231.41,1584341.8399999999,0.2129900166002936,7801053.334285714,7895295.768,6280954.188999999,1614341.579
2018-05-29,10262818.32,7905889.83,2356928.49,0.22965704122490985,8146152.812857143,7834909.960999999,6219210.195333334,1615699.7656666667
2018-05-30,20905271.35,16535857.67,4369413.680000002,0.20901013944504487,9449905.157142857,8116285.295333332,6434397.613999999,1681887.6813333333
2018-05-31,19289944.12,15561846.1,3728098.0200000014,0.1932663981195608,10915554.64,8299985.881666666,6590169.770333334,1709816.1113333334
2018-06-01,19245165.78,15287542.6,3957623.1800000016,0.2056424571885398,12736521.29714286,8515492.953666667,6760211.418666666,1755281.5350000001
2018-06-02,17529108.34,13707707.44,3821400.9000000004,0.2180031537188845,14440582.827142855,8783789.713666666,6959114.098333334,1824675.6153333334
2018-06-03,13779702.07,10827445.24,2952256.83,0.21424678233264588,15492940.461428571,9140389.246333333,7238968.649333334,1901420.5970000003
2018-06-04,4373078.45,3458754.81,914323.6400000001,0.2090800909368548,15055012.632857144,9123412.709666666,7226116.0386666665,1897296.671
2018-06-05,5537841.59,4323885.63,1213955.96,0.2192110301948886,14380015.95714286,9146253.076000001,7241604.982,1904648.094
2018-06-06,6238754.07,4903699.53,1335054.54,0.21399377584377197,12284799.202857142,9166520.359333334,7255817.857666668,1910702.5016666667
2018-06-07,4523493.87,3579003.08,944490.79,0.20879674365514284,10175306.31,9118579.778666668,7215711.678,1902868.100666667
2018-06-08,5863271.23,4570207.33,1293063.9000000004,0.22053625856227024,8263607.088571428,9040424.394333335,7152449.431666668,1887974.9626666668
2018-06-09,7018402.9,5469599.5,1548803.4000000004,0.22067747065361557,6762077.74,9032728.917666666,7142511.915333333,1890217.0023333335
2018-06-10,6333777.67,5115963.75,1217813.92,0.19227291885665446,5698374.254285715,9046053.526,7156158.292666667,1889895.2333333336
2018-06-11,7812992.68,6338472.32,1474520.3599999994,0.18872670440029127,6189790.572857142,9113732.647000002,7214125.627333333,1899607.0196666669
2018-06-12,8959000.0,7232971.98,1726028.0199999996,0.19265855787476277,6678527.488571429,9215601.365333335,7300525.106,1915076.2593333335
2018-06-13,9047626.88,7216006.11,1831620.7700000005,0.20244212038063183,7079795.032857143,9283058.479333334,7356642.740333334,1926415.7390000003
2018-06-14,6994969.99,5361729.98,1633240.0099999998,0.2334877794093295,7432863.049999999,9223231.735333335,7302971.550666666,1920260.1846666667
2018-06-15,7278400.85,5850026.61,1428374.2399999993,0.1962483613416262,7635024.4242857145,9152570.719666667,7251311.419666667,1901259.3000000003
2018-06-16,9653316.6,7581593.64,2071722.96,0.21461255709773364,8011440.667142858,9147123.202,7247423.1219999995,1899700.0800000003
2018-06-17,8270248.42,6473926.23,1796322.1899999995,0.21720293016300948,8288079.345714286,9178200.001666667,7269246.0846666675,1908953.9170000001
2018-06-18,9578590.6,7481623.41,2096967.1899999995,0.21892231097130296,8540307.620000001,9266631.676666668,7331044.517333333,1935587.1593333334
2018-06-19,10591854.27,8526409.74,2065444.5299999993,0.1950031106309773,8773572.515714286,9331227.084333332,7388591.643,1942635.4413333335
2018-06-20,10442554.6,8340504.64,2102049.96,0.20129652566049308,8972847.904285714,9471251.933,7501335.839666666,1969916.0933333335
2018-06-21,7960357.2,6345143.3,1615213.9000000004,0.20290721376171414,9110760.362857142,9475026.440666666,7508425.331666666,1966601.1090000002
2018-06-22,7890035.7,6262366.78,1627668.92,0.20629424021490803,9198136.77,9345394.132666666,7404864.864666667,1940529.2680000002
2018-06-23,7919846.87,6623002.69,1296844.1799999997,0.16374611798523317,8950498.237142857,9308375.770333333,7386955.959,1921419.8113333334
2018-06-24,7114017.67,6244799.31,869218.3600000003,0.12218389106137831,8785322.415714284,9328896.386666667,7423741.079999999,1905155.3066666669
2018-06-25,8744485.32,8162955.36,581529.96,0.06650247998815326,8666164.518571429,9433689.976333333,7542630.714000001,1891059.2623333335
2018-06-26,10888893.34,10123784.8,765108.5399999991,0.07026504127737182,8708598.671428572,9582879.8,7708898.360666667,1873981.4393333334
2018-06-27,11081146.52,10874461.91,206684.6099999994,0.018651915632282374,8799826.088571427,9704298.909000002,7876239.377333334,1828059.5316666667
2018-06-28,8513932.2,8332592.17,181340.02999999933,0.02129921001719973,8878908.231428573,9646002.705,7890462.7886666665,1755539.9163333334
2018-06-29,12484085.14,11945221.58,538863.5600000005,0.04316404077327532,9535201.00857143,9365296.498,7737441.585666668,1627854.9123333332
2018-06-30,10005221.27,9784802.48,220418.7899999991,0.022030376345689665,9833111.637142858,9055805.736333335,7544873.465,1510932.271333333
2018-07-01,8830377.17,8529895.83,300481.33999999985,0.034028143330144964,10078305.85142857,8708646.116,7319618.5726666665,1389027.5433333332
2018-07-02,8070014.23,7743177.14,326837.0900000008,0.040500187569062165,9981952.83857143,8393342.979,7120800.896,1272542.0829999999
2018-07-03,9033060.75,8644208.55,388852.19999999925,0.04304766797898478,9716833.897142857,8235121.6016666675,7048026.339666666,1187095.2619999999
2018-07-04,2096565.2,2027736.06,68829.1399999999,0.03282947747105595,8433322.28,8159237.826666666,7000325.714666667,1158912.112
2018-07-05,2944993.36,2822619.07,122374.29000000004,0.04155333307780363,7637759.588571429,8072809.5523333335,6950283.496,1122526.056333333
2018-07-06,2036989.14,2040145.8,-3156.660000000149,-0.001549669528429665,6145317.302857144,7932750.721333333,6854831.705,1077919.0163333332
2018-07-07,3253556.07,3156576.31,96979.75999999978,0.029807311727072766,5180793.702857143,7890419.4613333335,6840750.812666667,1049668.6486666664
2018-07-08,2752144.2,2725199.41,26944.790000000037,0.00979047173472961,4312474.707142857,7786715.227,6779250.548666667,1007464.6783333331
2018-07-09,4430764.61,4215804.43,214960.18000000063,0.04851536899858028,3792581.904285714,7700460.617333333,6737457.3796666665,963003.2376666665
2018-07-10,5201122.72,4881351.11,319771.6099999994,0.0614812661063301,3245162.1857142854,7662705.452333334,6729636.958333333,933068.4939999997
2018-07-11,6502831.07,6236313.66,266517.41000000015,0.04098482755142525,3874628.738571428,7619033.398666667,6726231.669666667,892801.7289999998
2018-07-12,6228668.47,6094439.16,134229.3099999996,0.02155024153982618,4343725.182857143,7528022.347666667,6688280.575666667,839741.7719999998
2018-07-13,4250921.4,4213700.8,37220.60000000056,0.008755889958351278,4660001.22,7368132.165000001,6588203.732,779928.4329999998
2018-07-14,4868504.46,4786402.77,82101.69000000041,0.01686384200210847,4890708.132857143,7297249.980666666,6569026.158333333,728223.8223333333
2018-07-15,5393026.83,5249791.03,143235.7999999998,0.026559445097364704,5267977.08,7234404.180000001,6549018.3056666665,685385.8743333331
2018-07-16,4994805.9,4716050.05,278755.85000000056,0.05580914565669119,5348554.407142857,7079120.49,6453500.186000001,625620.3039999999
2018-07-17,5712604.18,5386803.9,325800.27999999933,0.05703183167155813,5421623.187142857,6993865.681999999,6417262.775,576602.9069999999
2018-07-18,7639039.23,7484190.04,154849.1900000004,0.020270767741560662,5583938.638571428,6929213.969666666,6417348.329333333,511865.6403333332
2018-07-19,6252432.84,5912775.72,339657.1200000001,0.0543239933465643,5587333.548571429,6784566.588666666,6330227.195333334,454339.39333333325
2018-07-20,5761282.54,5222554.73,538727.8099999996,0.09350831282091566,5803099.425714285,6628524.1866666665,6226295.531666666,402228.65499999997
2018-07-21,4939690.9,4320031.79,619659.1100000003,0.125444915996667,5813268.917142858,6527835.3100000005,6158791.814666668,369043.49533333327
2018-07-22,5641320.53,4834937.23,806383.2999999998,0.14294229439928666,5848739.445714286,6452878.137666667,6111210.829666668,341667.30799999996
2018-07-23,6121614.15,4864263.18,1257350.9700000007,0.20539533188317668,6009712.052857143,6392937.047000001,6052586.179333333,340350.8676666666
2018-07-24,6821739.77,5344675.82,1477063.9499999993,0.2165230571379593,6168159.994285715,6383194.450333333,6022582.063,360612.38733333326
2018-07-25,7944998.65,6241710.94,1703287.71,0.21438489608805658,6211868.4828571435,6356544.894666667,5958540.582333333,398004.31233333325
2018-07-26,6463508.32,5212368.25,1251140.0700000003,0.1935698088495692,6242022.122857143,6209032.060666666,5794826.697333333,414205.3633333333
2018-07-27,5162979.4,4110689.88,1052289.5200000005,0.20381439445603838,6156550.245714285,6011759.823333333,5569367.6296666665,442392.1936666667
2018-07-28,6313222.5,5068784.77,1244437.7300000004,0.19711608928720642,6352769.045714286,5938402.833333333,5460574.049666667,477828.7836666667
2018-07-29,6597216.94,5284529.74,1312687.2000000002,0.19897590331476958,6489325.675714286,5742173.893333334,5238550.988333333,503622.905
2018-07-30,7314460.76,5725898.93,1588561.83,0.21718099011307024,6659732.334285715,5652481.8763333345,5103254.203333333,549227.6730000001
2018-07-31,12496367.04,9909115.53,2587251.51,0.20704029432861473,7470393.372857143,5774681.5386666665,5149228.193333332,625453.3453333335
2018-08-01,13786351.91,10884999.4,2901352.51,0.2104510699379064,8304872.410000001,5965226.1280000005,5253955.602,711270.5260000001
2018-08-02,10106943.25,7999614.76,2107328.49,0.20850304962383165,8825363.114285713,6001022.2113333335,5232469.142333332,768553.0690000001
2018-08-03,9026931.62,7058116.81,1968814.8099999996,0.21810454458721154,9377356.288571429,6232034.425333334,5400148.500666666,831885.9246666668
2018-08-04,6859151.1,5490125.8,1369025.2999999998,0.19959106892979803,9455346.08857143,6362506.35,5489065.391666667,873440.9583333335
2018-08-05,3117800.12,2491453.39,626346.73,0.20089380521288835,8958286.542857142,6398533.382666667,5504108.977999999,894424.4046666668
2018-08-06,3924563.55,3048117.59,876445.96,0.2233231667251254,8474015.512857143,6420900.298666666,5500493.687333333,920406.6113333333
2018-08-07,4212970.63,3334965.62,878005.0099999998,0.2084052055212167,7290673.168571428,6469594.512999999,5520819.227666666,948775.2853333334
2018-08-08,4647118.76,3610702.93,1036415.8299999996,0.22302331477321652,5985068.432857142,6476806.318,5500649.177666667,976157.1403333334
2018-08-09,4946125.63,3977801.47,968324.1599999997,0.19577427514715184,5247808.772857143,6468306.415,5470530.856333333,997775.5586666667
2018-08-10,3705554.89,2859379.41,846175.48,0.2283532440130714,4487612.0971428575,6375063.875666666,5357966.381333333,1017097.4943333335
2018-08-11,4591065.72,3598807.89,992257.8299999996,0.21612799522286072,4163599.8999999994,6320477.117333333,5274778.672333334,1045698.445
2018-08-12,4030885.81,3179458.32,851427.4900000002,0.21122590173299904,4294040.712857143,6313142.597666666,5240303.9229999995,1072838.6746666667
2018-08-13,4244815.28,3284829.91,959985.3700000001,0.22615480455017586,4339790.96,6292352.958333333,5190251.494333333,1102101.4640000002
2018-08-14,6041631.13,4766947.5,1274683.63,0.2109833590585329,4601028.1742857145,6313973.101666666,5174156.71,1139816.3916666666
2018-08-15,6058071.07,4807626.36,1250444.71,0.2064097128527084,4802592.79,6349415.274,5177209.253666666,1172206.0203333334
2018-08-16,5333680.81,4015767.27,1317913.5399999996,0.24709269019793476,4857957.815714285,6336784.495000001,5131508.032666666,1205276.4623333332
2018-08-17,4314679.61,3455461.38,859218.2300000004,0.19913836197909499,4944975.632857143,6225972.507666666,4997217.077333333,1228755.4303333333
2018-08-18,4960825.43,3902500.12,1058325.3099999996,0.2133365354079794,4997798.448571429,6182918.9273333335,4930207.890666666,1252711.0366666666
2018-08-19,4978431.53,3847035.88,1131395.6500000004,0.22725945775937995,5133162.122857143,6156823.893666667,4884357.2623333335,1272466.6313333332
2018-08-20,4896843.63,3837284.3,1059559.33,0.21637597809101372,5226309.03,6155395.651333333,4868265.679333333,1287129.9719999998
2018-08-21,5971341.33,4692653.97,1278687.3600000003,0.2141373753960235,5216267.63,6166396.344666666,4863522.904,1302873.440666667
2018-08-22,7086185.79,5662221.43,1423964.3600000003,0.20094934033616416,5363141.161428571,6198548.732666667,4890121.5123333335,1308427.2203333334
2018-08-23,5392520.44,4260217.92,1132302.5200000005,0.20997649106731997,5371546.822857142,6150908.088333334,4853972.915666667,1296935.1726666666
2018-08-24,3329330.38,2630754.1,698576.2799999998,0.2098248597365095,5230782.647142857,5997052.479333333,4733607.687666667,1263444.7916666667
2018-08-25,4716376.41,3836954.01,879422.4000000004,0.18646145335969916,5195861.35857143,5938814.749,4687760.5463333335,1251054.2026666666
2018-08-26,4717920.92,3744613.34,973307.5800000001,0.20630010475037808,5158645.5571428565,5923979.466333333,4675557.995,1248421.4713333333
2018-08-27,6151109.31,4800826.49,1350282.8199999994,0.21951858631496168,5337826.368571429,5918575.693333333,4666626.0523333335,1251949.641
2018-08-28,12207075.48,9954369.46,2252706.0199999996,0.18454100850697774,6228645.532857143,6105570.978,4822287.376333333,1283283.6016666666
2018-08-29,10330752.34,8329694.93,2001057.4100000001,0.193699098007803,6692155.04,6206114.030666666,4909080.576333334,1297033.4543333335
2018-08-30,10819458.93,8497693.47,2321765.459999999,0.21459164224582894,7467431.967142858,6150217.093666667,4862033.174333334,1288183.9193333334
2018-08-31,9769233.6,7975907.3,1793326.2999999998,0.18356878066668403,8387418.141428572,6016313.15,4765063.437666667,1251249.7123333332
2018-09-01,8834290.53,7236711.56,1597578.9699999997,0.18083840061347856,8975691.587142857,5973891.392666667,4739633.331,1234258.0616666668
2018-09-02,2926208.13,2475973.31,450234.81999999983,0.15386288329395076,8719732.617142858,5770533.943,4586895.214333334,1183638.7286666667
2018-09-03,3730127.97,3250956.11,479171.86000000034,0.128459898387883,8373878.14,5666233.172,4512256.224666667,1153976.9473333333
2018-09-04,2895558.56,2566039.59,329518.9700000002,0.11380152159657934,7043661.437142857,5658825.12,4514742.431333333,1144082.6886666666
2018-09-05,2683914.3,2352008.69,331905.60999999987,0.12366475710494924,5951256.002857142,5617470.145,4491538.801333334,1125931.3436666667
2018-09-06,2220736.04,1976596.92,244139.1200000001,0.10993612730309006,4722867.018571428,5551062.325333334,4446259.844666666,1104802.4806666665
2018-09-07,2737800.42,2305499.6,432300.81999999983,0.15790077934168767,3718376.5642857146,5487418.380666667,4402753.067,1084665.3136666666
2018-09-08,3138040.11,2844198.87,293841.23999999976,0.09363845894245111,2904626.5042857146,5427148.863333333,4364966.313666667,1062182.5496666667
2018-09-09,4428844.18,3809539.78,619304.3999999999,0.1398343167720116,3119288.7971428568,5451258.506333333,4396638.326,1054620.1803333333
2018-09-10,3518686.76,3115017.21,403669.5499999998,0.11472164973275423,3089082.9099999997,5415512.541,4380511.97,1035000.571
2018-09-11,2737148.82,2457613.39,279535.4299999997,0.1021265003778639,3066452.947142857,5372387.974666667,4356450.472333333,1015937.5023333333
2018-09-12,3907657.89,3473624.08,434033.81000000006,0.11107262258314021,3241273.46,5361149.395,4362743.611333333,998405.7836666666
2018-09-13,3198359.98,2826009.39,372350.58999999985,0.11641922495540975,3380934.022857143,5266373.69,4298045.674333333,968328.0156666667
2018-09-14,3759913.17,3409768.94,350144.23,0.0931256159833074,3526950.13,5189768.426666666,4251450.427,938317.9996666666
2018-09-15,3182906.62,2708850.83,474055.79000000004,0.1489380137705705,3533359.631428571,5118075.9536666665,4207886.545666667,910189.4079999999
2018-09-16,4513878.02,4134396.21,379481.8099999996,0.08407001879948887,3545507.322857143,5124715.900666667,4230517.706666667,894198.1939999999
2018-09-17,3684035.33,3185261.69,498773.64000000013,0.13538785470876583,3569128.5471428568,5082156.230666666,4206609.759,875546.4716666666
2018-09-18,3511249.8,3093197.05,418052.75,0.11906095373789698,3679714.4014285714,5033250.1729999995,4181481.798,851768.375
2018-09-19,3203671.41,2850137.86,353533.5500000003,0.11035262508398146,3579144.904285714,4976811.099,4148576.9166666665,828234.1823333333
2018-09-20,2967505.47,2634513.81,332991.66000000015,0.11221265246732641,3546165.6885714284,4876683.237,4079972.2446666663,796710.9923333334
2018-09-21,3391440.87,3055926.25,335514.6200000001,0.0989298156332002,3493526.7885714285,4753525.073,3993095.7386666667,760429.3343333333
2018-09-22,3067943.56,2653342.07,414601.4900000002,0.13513986873995826,3477103.4942857143,4676039.177,3939533.2103333334,736505.9666666666
2018-09-23,4892505.92,4455722.87,436783.0499999998,0.0892759369415336,3531193.194285714,4728145.028333333,4000365.502666667,727779.5256666667
2018-09-24,4916532.68,4394814.48,521718.19999999925,0.10611506806866161,3707264.2442857143,4734816.904,4018960.8516666666,715856.0523333332
2018-09-25,3834324.5,3363603.04,470721.45999999996,0.12276515980846169,3753417.772857143,4705363.6899999995,4006260.5083333333,699103.1816666666
2018-09-26,4727732.71,4050861.46,676871.25,0.14317037182924836,3971140.8157142857,4657917.803333333,3981261.674,676656.1293333333
2018-09-27,5609192.49,4998150.71,611041.7800000003,0.10893578373167939,4348524.675714285,4437988.3703333335,3816054.382333333,621933.9879999999
2018-09-28,5221949.72,4643296.21,578653.5099999998,0.11081177357640276,4610025.94,4267694.949666667,3693174.425,574520.5246666666
2018-09-29,5089871.44,4351327.13,738544.3100000005,0.14510077881259817,4898872.78,4076708.7,3554962.2136666668,521746.4863333333
2018-09-30,5437181.81,4591821.05,845360.7599999998,0.1554777437173836,4976683.621428572,3932306.9736666665,3442159.338666667,490147.63499999995
2018-10-01,4742181.64,4115311.14,626870.4999999995,0.13219031820974272,4951776.33,3795903.344,3338112.6580000003,457790.6859999999
2018-10-02,1807247.84,1354070.12,453177.72,0.2507557126199138,4662193.95,3758604.6676666667,3300715.885,457888.7826666666
2018-10-03,1798411.4,1414782.3,383629.09999999986,0.2133155405932146,4243719.477142857,3694214.115333333,3239510.091333333,454704.0239999999
2018-10-04,2726313.6,2140614.37,585699.23,0.21483193642873658,3831879.635714286,3688572.6166666667,3225329.2506666663,463243.366
2018-10-05,2484898.47,1911895.45,573003.0200000003,0.23059413771541346,3440872.314285714,3681938.7556666667,3210658.8093333333,471279.9463333332
2018-10-06,2157385.6,1668290.7,489094.90000000014,0.22670722378048697,3021945.7657142854,3679827.074333333,3200381.9353333334,479445.1389999999
2018-10-07,2767415.65,2075893.96,691521.69,0.2498799520773108,2640550.6,3680814.248666667,3192728.414,488085.83466666663
2018-10-08,3075660.75,2408923.48,666737.27,0.21677854750397943,2402476.187142857,3678734.936666667,3178219.2343333336,500515.7023333333
2018-10-09,2768213.46,2199027.83,569185.6299999999,0.20561479026982257,2539756.9899999998,3623380.5793333333,3124535.5026666666,498845.0766666666
2018-10-10,1759060.3,1352309.05,406751.25,0.231232124333657,2534135.404285714,3564726.364,3065778.5640000002,498947.79999999993
2018-10-11,2288675.28,1804152.97,484522.3099999998,0.21170426151498428,2471615.644285714,3549777.246,3043996.55,505780.69599999994
2018-10-12,3801607.19,3093283.75,708323.44,0.186322101311051,2659716.89,3546242.2226666664,3031318.539,514923.6836666667
2018-10-13,3486645.25,2756384.22,730261.0299999998,0.20944517656334546,2849611.1257142858,3555851.7316666665,3028997.7,526854.0316666666
2018-10-14,3516624.21,2744217.98,772406.23,0.21964423375223252,2956640.9200000004,3547742.0996666667,3006812.6679999996,540929.4316666666
2018-10-15,3593428.63,2809961.8,783466.8300000001,0.21802765844830488,3030607.7600000002,3561426.1666666665,3010183.033666666,551243.1329999999
2018-10-16,4126610.48,3221862.51,904747.9700000002,0.21924724283645017,3224664.477142857,3548517.2486666664,2979765.2436666666,568752.005
2018-10-17,2193280.79,1721100.93,472179.8600000001,0.21528472877382931,3286695.9757142854,3498825.430666666,2930959.885,567865.5456666667
2018-10-18,2364712.74,1825738.91,538973.8300000003,0.22792359548923488,3297558.4699999997,3460607.5286666667,2888711.2803333336,571896.2483333333
2018-10-19,2753648.17,2191447.61,562200.56,0.20416571954433818,3147850.0385714285,3445606.754,2866754.938666667,578851.8153333333
2018-10-20,3067392.26,2428564.0,638828.2599999998,0.20826428635508124,3087956.7542857146,3448936.3136666664,2859889.9450000003,589046.3686666667
2018-10-21,2965006.46,2322786.28,642220.1800000002,0.21659992605884582,3009154.2185714287,3434721.8333333335,2835451.9460000005,599269.8873333333
2018-10-22,3760345.32,3093167.35,667177.9699999997,0.1774246547122964,3032999.46,3457801.8919999995,2850112.7886666665,607689.1033333333
2018-10-23,3210408.93,2590626.71,619782.2200000002,0.19305397957511916,2902113.5242857146,3401731.992333333,2787942.9166666665,613789.0756666666
2018-10-24,2388950.39,1810211.59,578738.8,0.24225651667885828,2930066.3242857144,3317479.2493333337,2701789.487,615689.7623333334
2018-10-25,2281239.32,1789602.98,491636.33999999985,0.215512829228281,2918141.55,3265709.743333333,2649322.8183333334,616386.925
2018-10-26,2925667.62,2326884.75,598782.8700000001,0.20466537822228764,2942715.757142857,3205640.907,2591856.9280000003,613783.9789999999
2018-10-27,3517566.83,2788248.35,729318.48,0.2073360692908285,3007026.4099999997,3135920.0516666668,2518193.516,617726.5356666667
2018-10-28,5148086.02,4236118.44,911967.5799999991,0.17714691954583914,3318894.9185714284,3133457.928333333,2504620.9236666667,628837.0046666667
2018-10-29,6121160.36,4854267.79,1266892.5700000003,0.20696934821031224,3656154.2100000004,3167834.2256666664,2521385.6123333336,646448.6133333333
2018-10-30,5647021.76,4534254.48,1112767.2799999993,0.19705383249665384,4004241.7571428567,3174828.8906666664,2519466.7266666666,655362.164
2018-10-31,5340696.76,4313400.22,1027296.54,0.19235253117048348,4425919.8100000005,3194779.3946666666,2526069.696,668709.6986666665
2018-11-01,4100504.23,3207191.36,893312.8700000001,0.21785439543370502,4685814.797142858,3271221.274333333,2587840.404,683380.8703333333
2018-11-02,1332091.2,973346.43,358744.7699999999,0.26930946619871066,4458161.022857143,3255677.267666667,2573125.8750000005,682551.3926666665
2018-11-03,1775113.55,1429465.35,345648.19999999995,0.19471892375560987,4209239.125714285,3223970.599333333,2549420.907666667,674549.6916666665
2018-11-04,2595301.17,2110463.11,484838.06000000006,0.18681379471654924,3844555.5757142855,3227650.689333333,2556039.8296666667,671610.8596666666
2018-11-05,2667990.75,2059523.3,608467.45,0.22806205381334246,3351245.631428571,3244670.861,2569080.916333333,675589.9446666667
2018-11-06,2019349.93,1662050.67,357299.26,0.17693776333257902,2833006.7985714287,3219735.337,2555286.14,664449.1969999999
2018-11-07,2141247.67,1769789.01,371458.6599999999,0.17347767154838278,2375942.6428571427,3188588.2343333336,2533981.657666667,654606.5766666665
2018-11-08,1913450.02,1511722.76,401727.26,0.20994917860462328,2063506.3271428572,3160096.1196666667,2511071.4886666667,649024.6309999999
2018-11-09,2619129.29,2039164.75,579964.54,0.22143410110159167,2247368.911428571,3188765.086,2533966.6786666666,654798.4073333333
2018-11-10,2402388.27,1910373.68,492014.5900000001,0.2048022778599398,2336979.5857142857,3192555.5190000003,2537507.3690000004,655048.15
2018-11-11,3568388.14,2844379.91,724008.23,0.20289503316194743,2475992.0100000002,3184781.550666667,2529210.5743333334,655570.9763333333
2018-11-12,2517159.72,2054634.4,462525.3200000003,0.18374889615665718,2454444.7199999997,3152465.366333334,2505818.913666667,646646.4526666666
2018-11-13,1925203.6,1550255.36,374948.24,0.19475770770426565,2440995.2442857143,3099418.0126666664,2466020.1596666668,633397.853
2018-11-14,1687382.45,1226935.5,460446.94999999995,0.2728764602239403,2376157.3557142857,3035883.14,2413252.616333334,622630.5236666667
2018-11-15,2055680.2,1571568.0,484112.19999999995,0.23549976304680076,2396475.952857143,2966852.1306666667,2358242.7993333335,608609.3313333334
2018-11-16,2040967.69,1635316.04,405651.6499999999,0.1987545672513806,2313881.4385714284,2961775.0273333336,2355383.3030000003,606391.7243333332
2018-11-17,2025956.74,1601361.16,424595.5800000001,0.20957781161704375,2260105.5057142857,2950483.1606666665,2347904.044666667,602579.116
2018-11-18,3630560.3,3005034.69,625525.6099999999,0.17229451057457987,2268987.242857143,2979713.5649999995,2375023.614,604689.9509999999
2018-11-19,2171786.9,1822847.47,348939.42999999993,0.16066927652984736,2219648.2685714285,2949860.0530000003,2354833.063,595026.99
2018-11-20,2495899.61,2196442.6,299457.0099999998,0.11997958924317464,2301176.27,2934223.158,2350621.607,583601.5509999999
2018-11-21,1870994.01,1826252.29,44741.71999999997,0.023913342191833085,2327406.492857143,2871244.7810000004,2308391.105,562853.6760000001
2018-11-22,1690197.81,1647708.27,42489.54000000004,0.025138797215693964,2275194.722857143,2820571.077,2276960.4903333336,543610.5866666666
2018-11-23,1647035.11,1656826.5,-9791.389999999898,-0.005944858091094304,2218918.64,2795840.5676666666,2271847.654,523992.9136666666
2018-11-24,1991985.26,1889498.02,102487.23999999999,0.05144979837852816,2214065.5714285714,2786198.7656666664,2275177.4886666667,511021.27699999994
2018-11-25,2085511.05,2029509.86,56001.189999999944,0.0268525021720695,1993344.25,2758193.5466666664,2265264.992333333,492928.5543333333
2018-11-26,2543960.96,2433523.18,110437.7799999998,0.04341174323681437,2046511.972857143,2725740.017666667,2253440.82,472299.1976666666
2018-11-27,2369522.33,2218838.51,150683.8200000003,0.06359248785809092,2028458.0757142857,2633121.228,2186198.1556666666,446923.0723333333
2018-11-28,1733474.59,1753556.92,-20082.32999999984,-0.01158501550345762,2008812.4442857143,2486865.035666667,2082841.1266666667,404023.909
2018-11-29,2226459.09,2127649.92,98809.16999999993,0.044379512942229686,2085421.1985714287,2372846.2800000003,2002620.9746666665,370225.3053333333
2018-11-30,2058963.14,2054767.53,4195.60999999987,0.0020377295340993184,2144268.06,2263455.1593333334,1927333.2183333333,336121.941
2018-12-01,1216044.13,1211686.23,4357.899999999907,0.00358366928673872,2033419.327142857,2167306.4893333334,1860816.3806666667,306490.10866666667
2018-12-02,977052.29,950959.05,26093.23999999999,0.02670608345844007,1875068.0757142857,2155471.859,1860070.1346666666,295401.7243333334
2018-12-03,1855981.25,1750191.91,105789.34000000008,0.056999142636812786,1776785.26,2158167.449,1870761.02,287406.42899999995
2018-12-04,1606060.57,1508604.3,97456.27000000002,0.060680320419048715,1667719.2942857142,2125192.7623333335,1850699.0596666667,274493.70266666665
2018-12-05,1085024.44,1036671.25,48353.189999999944,0.044564148250890966,1575083.5585714285,2072427.2186666667,1816603.9913333333,255823.22733333334
2018-12-06,942014.91,946159.68,-4144.770000000019,-0.004399898511160527,1391591.5328571429,2036516.0513333334,1792740.9583333333,243775.09299999996
2018-12-07,1200649.15,1205634.51,-4985.360000000102,-0.004152220488391719,1268975.2485714287,2005162.7673333334,1773935.8083333333,231226.959
2018-12-08,1453175.2,1434521.0,18654.199999999953,0.012836855459685765,1302851.1157142858,1989820.2733333332,1771362.4163333331,218457.85699999996
2018-12-09,1834112.01,1791856.09,42255.919999999925,0.0230388982622713,1425288.2185714287,1963653.0306666668,1763118.7943333334,200534.2363333333
2018-12-10,1719022.37,1695031.78,23990.590000000084,0.013955949857708996,1405722.6642857143,1940874.1673333335,1755940.731,184933.43633333332
2018-12-11,1670763.83,1670771.64,-7.809999999823049,-4.674508664592678e-06,1414965.9871428572,1877620.0236666666,1716820.4553333335,160799.56833333333
2018-12-12,1416824.27,1409602.12,7222.149999999907,0.0050974211501895765,1462365.9628571428,1840942.1753333332,1695319.3793333333,145622.796
2018-12-13,1605917.55,1631146.11,-25228.560000000056,-0.015709747987996056,1557209.1971428574,1830299.307,1698015.7376666665,132283.56933333332
2018-12-14,1986080.6,1901692.62,84387.97999999998,0.04248970560409279,1669413.69,1840255.912,1720507.6416666666,119748.27033333332
2018-12-15,1761139.67,1649696.47,111443.19999999995,0.06327902431497666,1713408.6142857145,1830437.8943333332,1723111.9239999999,107325.97033333332
2018-12-16,1956185.08,1973002.66,-16817.57999999984,-0.008597131310294956,1730847.6242857142,1827611.8073333332,1734368.1446666666,93243.66266666666
2018-12-17,1975625.37,2012021.47,-36396.09999999986,-0.018422571684225668,1767505.1957142858,1825934.0949999997,1748056.8216666665,77877.27333333333
2018-12-18,1917848.83,1813056.96,104791.87000000011,0.054640318027568476,1802803.052857143,1768843.7126666668,1708324.2306666668,60519.481999999996
2018-12-19,1548668.19,1537872.76,10795.429999999935,0.006970783070064825,1821637.8985714286,1748073.0890000002,1698825.0736666664,49248.01533333333
2018-12-20,2111859.13,1955020.76,156838.36999999988,0.07426554535387021,1893915.2671428572,1735271.7396666666,1690777.6790000002,44494.060666666664
2018-12-21,1795780.71,1747996.02,47784.689999999944,0.02660942381990502,1866729.5685714285,1732764.6296666667,1688169.1366666665,44595.493
2018-12-22,1497206.71,1451328.96,45877.75,0.030642228420149145,1829024.8599999999,1726331.5929999999,1681623.1596666665,44708.433333333334
2018-12-23,1221387.72,1203158.82,18228.899999999907,0.01492474478128854,1724053.8085714285,1712143.3466666667,1666500.9036666667,45642.442999999985
2018-12-24,2110373.43,2051630.86,58742.570000000065,0.027835154274094543,1743303.5314285713,1716089.6190000002,1671905.3316666665,44184.287333333334
2018-12-25,1398293.31,1329598.03,68695.28000000003,0.04912794726880301,1669081.3142857142,1693182.361,1648574.9373333333,44607.42366666666
2018-12-26,1989426.16,1906954.63,82471.53000000003,0.041454933919236304,1732046.7385714285,1674697.8676666666,1631022.6523333334,43675.21533333335
2018-12-27,2379859.2,2336594.02,43265.18000000017,0.01817972256509972,1770332.4628571426,1675042.43,1634947.836,40094.59400000001
2018-12-28,4637468.16,4553417.55,84050.61000000034,0.01812424519158323,2176287.812857143,1771842.2156666666,1728276.5236666666,43565.69200000001
2018-12-29,4597405.16,4592577.25,4827.910000000149,0.0010501380304711167,2619173.305714286,1850873.7513333333,1810440.7680000002,40432.98333333335
2018-12-30,3975279.59,3817470.28,157809.31000000006,0.039697663127136185,3012586.43,1914750.9663333334,1869197.5263333332,45553.440000000024
2018-12-31,3827364.78,3811034.54,16330.239999999758,0.004266705929190203,3257870.9085714286,2001794.9880000001,1955842.47,45952.51800000002
2019-01-01,2430742.1,2422276.45,8465.649999999907,0.003482742986185127,3405363.5928571424,2050251.315,2004886.3833333333,45364.931666666685
2019-01-02,857486.8,611460.51,246026.29000000004,0.28691554202350406,3243657.9699999997,2016968.1666666667,1966928.6699999997,50039.49666666668
2019-01-03,1095516.84,931676.57,163840.27000000014,0.14955522728432008,3060180.4899999998,1999950.0423333333,1947697.7456666667,52252.296666666676
2019-01-04,1356732.44,1032253.29,324479.1499999999,0.23916222567804152,2591503.958571429,2009006.9756666669,1947550.4803333334,61456.49533333335
2019-01-05,1752585.71,1344358.95,408226.76,0.23292827145098657,2185101.1799999997,2036026.0023333335,1960823.7893333333,75202.21300000002
2019-01-06,1660128.37,1324455.7,335672.67000000016,0.20219681565950237,1854365.2914285713,2051341.9763333334,1964784.495666667,86557.4806666667
2019-01-07,1936096.71,1554210.1,381886.60999999987,0.19724562726001424,1584184.1385714284,2067439.36,1968774.1323333336,98665.22766666669
2019-01-08,1715399.79,1347590.83,367808.95999999996,0.21441588260891647,1481992.3800000001,2063482.286,1953965.2903333334,109516.99566666668
2019-01-09,1858318.85,1516237.67,342081.18000000017,0.18408099342047796,1624968.387142857,2068125.502,1948005.4866666668,120120.01533333336
2019-01-10,1259650.79,1032558.86,227091.93000000005,0.18028165568014295,1648416.0942857142,2054421.7340000002,1926731.7273333333,127690.00666666668
2019-01-11,2153841.45,1671962.72,481878.7300000002,0.2237298989672616,1762288.81,2078988.9733333332,1935477.0806666666,143511.8926666667
2019-01-12,2073990.81,1674370.35,399620.45999999996,0.19268188560584795,1808203.8242857144,2094591.4153333334,1936917.8886666668,157673.52666666673
2019-01-13,3354624.45,2671314.89,683309.56,0.20369182010820913,2050274.692857143,2140209.543666667,1962571.9643333335,177637.57933333336
2019-01-14,2361690.18,1807957.6,553732.5800000001,0.2344645308217355,2111073.7600000002,2160227.894,1967847.3353333331,192380.55866666668
2019-01-15,1504083.3,1181548.42,322534.8800000001,0.2144395061098013,2080885.69,2145157.8346666666,1941465.5273333334,203692.30733333336
2019-01-16,1724908.79,1349961.65,374947.14000000013,0.21737215450099256,2061827.11,2136800.615333333,1919396.8666666667,217403.7486666667
2019-01-17,2280332.07,1816414.62,463917.4499999997,0.20344293539668534,2207638.7214285717,2148883.3899999997,1919508.7886666667,229374.60133333332
2019-01-18,1474326.17,1227149.16,247177.01,0.16765422403103653,2110565.11,2146405.3226666665,1909151.3353333334,237253.98733333338
2019-01-19,1754206.62,1335367.18,418839.4400000002,0.23876288871831994,2064881.6542857143,2134483.572333333,1888496.2159999998,245987.35633333336
2019-01-20,3160071.59,2517012.51,643059.0800000001,0.2034950986664198,2037088.3885714284,2179959.935,1914130.099,265829.836
2019-01-21,2299476.91,1856585.16,442891.75000000023,0.1926054347725545,2028200.7785714285,2206702.275,1927638.639,279063.63600000006
2019-01-22,2108562.98,1708188.75,400374.23,0.18988013817827723,2114555.0185714285,2236274.783666667,1944472.97,291801.81366666674
2019-01-23,1826741.5,1369479.14,457262.3600000001,0.25031585476105955,2129102.5485714287,2226820.386,1921734.5793333335,305085.8066666667
2019-01-24,2523490.79,2014906.08,508584.70999999996,0.2015401490726265,2163839.5085714282,2264326.9686666667,1944578.181,319748.78766666667
2019-01-25,2014411.34,1674040.36,340370.98,0.16896796262078229,2240994.532857143,2265159.8079999997,1936814.372,328345.43600000005
2019-01-26,2940618.52,2385985.7,554632.8199999998,0.188610938898664,2410481.947142857,2283851.7853333335,1938460.7613333336,345391.02400000003
2019-01-27,4391507.1,3459322.38,932184.7199999997,0.21226988793892643,2586401.305714286,2275653.0833333335,1901990.9223333332,373662.161
2019-01-28,4748349.69,3779471.66,968878.0300000003,0.20404521428580805,2936240.2742857146,2280684.5676666666,1874887.4026666665,405797.16500000004
2019-01-29,4822586.51,3839462.75,983123.7599999998,0.20385819061232346,3323957.9214285715,2308928.131666667,1875620.485,433307.64666666667
2019-01-30,3962494.16,3161585.88,800908.2800000003,0.2021222612981719,3629065.444285714,2313432.444333333,1853972.1963333334,459460.24799999996
2019-01-31,3557233.24,2914824.87,642408.3700000001,0.18059214188609124,3776742.9371428574,2350982.1489999997,1870390.4770000002,480591.6720000001
2019-02-01,2922884.32,2311260.65,611623.6699999999,0.20925346439985007,3906524.791428571,2419828.7330000005,1927050.4816666667,492778.2513333334
2019-02-02,1988116.58,1648391.91,339724.67000000016,0.17087764038464995,3770453.0857142857,2449582.057666667,1950940.9930000002,498641.06466666673
2019-02-03,2075616.33,1663159.13,412457.2000000002,0.19871553043716908,3439611.5471428568,2473544.8540000003,1971971.1876666665,501573.6663333334
2019-02-04,1690969.52,1412906.86,278062.6599999999,0.16443978245095744,3002842.951428572,2471490.9809999997,1974256.118,497234.863
2019-02-05,1648913.11,1341931.74,306981.3700000001,0.186171950564454,2549461.0371428574,2471117.139,1974838.6526666665,496278.48633333336
2019-02-06,2019237.55,1620812.0,398425.55000000005,0.19731484787413944,2271852.95,2473888.5003333334,1977058.7159999998,496829.7843333334
2019-02-07,1807804.86,1498934.77,308870.0900000001,0.17085366724813433,2021934.6099999999,2476968.6693333336,1982103.514,494865.1553333334
2019-02-08,1887002.96,1514639.32,372363.6399999999,0.1973307132491196,1873951.5585714285,2477924.8063333333,1982050.2356666664,495874.5706666667
2019-02-09,2204244.85,1794590.32,409654.53,0.18584801502428372,1904827.0257142857,2509411.275,2007451.2843333331,501959.99066666677
2019-02-10,2992194.41,2405467.55,586726.8600000003,0.1960858084752589,2035766.7514285713,2537356.373666667,2031901.4453333332,505454.9283333334
2019-02-11,3050258.51,2505704.13,544554.3799999999,0.17852728816745433,2229950.8928571427,2569898.6303333333,2059612.5713333334,510286.05900000007
2019-02-12,2270445.76,1865294.51,405151.24999999977,0.17844568548512685,2318741.2714285715,2533759.3406666666,2032745.2253333332,501014.1153333334
2019-02-13,2305149.57,1875958.77,429190.7999999998,0.18618783162083485,2359585.8457142855,2531874.6536666667,2035011.931,496862.72266666667
2019-02-14,2959207.82,2441504.63,517703.18999999994,0.17494654701203108,2524071.9828571426,2580378.8043333334,2077010.4713333333,503368.333
2019-02-15,2813189.48,2241015.21,572174.27,0.20338987973181247,2656384.3428571424,2616654.8273333334,2106712.256666667,509942.5706666667
2019-02-16,2890421.0,2337140.26,553280.7400000002,0.19141873796239378,2754409.507142857,2636991.125,2124069.778,512921.34700000007
2019-02-17,3658575.54,2895275.54,763300.0,0.20863311189141115,2849606.8114285716,2709799.4373333333,2179673.9906666665,530125.4466666668
2019-02-18,4680433.34,3760557.76,919875.5800000001,0.1965364130151248,3082488.93,2807340.328,2260513.6766666668,546826.6513333333
2019-02-19,1783513.49,1498699.8,284813.68999999994,0.1596924786927179,3012927.177142857,2761455.0579999997,2226569.919666667,534885.1383333333
2019-02-20,3142305.74,2556936.4,585369.3400000003,0.18628656420937584,3132520.915714286,2789549.352333334,2249914.961,539634.3913333333
2019-02-21,3225995.91,2685076.1,540919.81,0.16767529317791355,3170633.5,2826797.1166666667,2282477.8726666663,544319.2440000001
2019-02-22,2981029.98,2400898.37,580131.6099999999,0.19460777445787375,3194610.714285714,2865273.3993333336,2316858.5136666666,548414.8856666667
2019-02-23,3243671.03,2744035.42,499635.60999999987,0.15403399585808178,3245075.0042857146,2889279.4073333335,2341162.825,548116.5823333333
2019-02-24,4659488.7,3774721.6,884767.1000000001,0.18988501892922288,3388062.5985714286,2977448.6526666665,2411185.533,566263.1196666666
2019-02-25,6710330.49,5461991.46,1248339.0300000003,0.1860324214821199,3678047.9057142856,3103105.7183333337,2513719.058333333,589386.66
2019-02-26,5143906.53,4181682.12,962224.4100000001,0.18706102149954892,4158104.054285715,3128185.6993333334,2537797.716333334,590387.9830000001
2019-02-27,4911504.39,3881267.76,1030236.6299999999,0.20975989191775923,4410846.718571429,3133624.1893333336,2541190.919666667,592433.2696666666
2019-02-28,3391644.13,2722597.05,669047.0800000001,0.19726334908845525,4434510.75,3085926.11,2503962.063,581964.0470000001
2019-03-01,2228532.66,1861831.11,366701.55000000005,0.16454842981749257,4327011.132857143,3028127.393333333,2460636.9039999996,567490.4893333334
2019-03-02,662215.74,563992.66,98223.07999999996,0.1483248948446921,3958231.8057142855,2931626.81,2382275.830333334,549350.9796666667
2019-03-03,925441.51,757846.4,167595.11,0.18109746341505686,3424796.492857143,2865045.383,2330495.3553333334,534550.0276666667
2019-03-04,1915592.53,1559541.64,356050.89000000013,0.18586984675702412,2739833.9271428576,2862627.9146666666,2327533.679666667,535094.235
2019-03-05,2386338.6,1912200.04,474138.56000000006,0.19868871919517206,2345895.6514285714,2872985.3236666666,2335835.0433333335,537150.2803333333
2019-03-06,3341337.75,2745260.51,596077.2400000002,0.17839478813538087,2121586.131428571,2927997.5979999998,2380246.831666666,547750.7663333334
2019-03-07,2432557.33,1818192.91,614364.4200000002,0.2525590712388267,1984573.7314285715,2954119.072,2396122.2040000004,557996.868
2019-03-08,2666858.91,2181539.6,485319.31000000006,0.18198162196739534,2047191.7671428572,2975706.4506666665,2414813.124,560893.3266666667
2019-03-09,3019892.33,2454977.33,564915.0,0.18706461630703236,2384002.708571429,3016109.3663333333,2446681.209333333,569428.157
2019-03-10,2681616.97,2134676.6,546940.3700000001,0.20395916945588247,2634884.9171428573,3042596.5,2467349.1186666666,575247.3813333333
2019-03-11,2420084.85,1983304.37,436780.48,0.18048147361444783,2706955.248571429,3049791.1666666665,2473639.587,576151.5796666667
2019-03-12,3925730.26,3314125.8,611604.46,0.15579380637323767,2926868.3428571424,3080909.0283333333,2503928.195333333,576980.8330000001
2019-03-13,5148543.25,4034220.49,1114322.7599999998,0.21643457302218444,3185040.557142857,3150851.853,2554878.7406666665,595973.1123333334
2019-03-14,4367141.68,3458729.41,908412.2699999996,0.20801071651973507,3461409.75,3220741.717,2607993.2373333336,612748.4796666667
2019-03-15,3296671.21,2596766.78,699904.4300000002,0.2123064101378797,3551382.935714286,3253792.4383333335,2632020.1709999996,621772.2673333333
2019-03-16,2593942.24,2020686.01,573256.2300000002,0.220998070489033,3490532.922857143,3241616.9189999998,2617992.8836666667,623624.0353333334
2019-03-17,3647905.41,2976722.37,671183.04,0.18399134970991476,3628574.1285714284,3269440.783333333,2642516.455666667,626924.3276666667
2019-03-18,4462652.85,3659897.03,802755.8199999998,0.17988309800974098,3920369.557142857,3321848.5116666663,2686608.3479999998,635240.1636666667
2019-03-19,4580736.76,3861332.4,719404.3599999999,0.1570499239951959,4013941.9142857143,3352587.219,2718810.243333333,633776.9756666666
2019-03-20,5766530.12,4960357.22,806172.9000000004,0.13980207910541537,4102225.7528571426,3388790.445,2758803.558666667,629986.8863333334
2019-03-21,4408617.11,3962414.33,446202.78000000026,0.10121150666223319,4108150.8142857146,3476293.8989999997,2840927.3763333336,635366.5226666667
2019-03-22,3610928.89,3304221.4,306707.4900000002,0.08493866795587886,4153044.7685714285,3491914.6706666662,2865836.8763333336,626077.7943333334
2019-03-23,3582976.25,3279702.06,303274.18999999994,0.08464309245700413,4294335.341428571,3503814.015333333,2885657.7416666667,618156.2736666667
2019-03-24,4240123.5,3766823.0,473300.5,0.11162422509627373,4378937.925714285,3545783.799333333,2931188.5626666667,614595.2366666666
2019-03-25,4446564.37,4012232.01,434332.36000000034,0.09767819013941326,4376639.571428572,3585880.244,2973461.7823333335,612418.4616666667
2019-03-26,5345042.2,4766707.57,578334.6299999999,0.10820019905549107,4485826.062857144,3608732.0273333336,3006527.9813333335,602204.0460000001
2019-03-27,6535411.89,5978075.49,557336.3999999994,0.0852794604809521,4595666.315714286,3602901.4073333335,3023730.7823333335,579170.625
2019-03-28,5315964.12,4667097.61,648866.5099999998,0.12205998674046727,4725287.317142857,3608636.6603333335,3039911.2986666663,568725.3616666667
2019-03-29,4309156.23,3848197.98,460958.25000000047,0.106971811973501,4825034.08,3588558.388333333,3038808.972666667,549749.4156666667
2019-03-30,9442671.99,8583254.53,859417.4600000009,0.09101422361278069,5662133.471428572,3790259.3170000003,3234164.2220000005,556095.0950000001
2019-03-31,7501232.88,6774268.33,726964.5499999998,0.09691267577337231,6128006.24,3966015.991,3397912.1293333336,568103.8616666667
2019-04-01,7842271.08,7122821.67,719449.4100000001,0.09173993128531335,6613107.198571429,4205351.169000001,3616539.763,588811.406
2019-04-02,6799630.38,6231069.37,568561.0099999998,0.08361645828166321,6820905.51,4401157.464666666,3798980.5286666667,602176.9360000001
2019-04-03,6787287.3,6224164.42,563122.8799999999,0.08296729681680041,6856887.711428572,4563547.290333333,3954467.9546666667,609079.3356666666
2019-04-04,2048272.63,1722283.77,325988.85999999987,0.15915306157266765,6390074.64142857,4552278.424666667,3948137.412333333,604141.0123333334
2019-04-05,1919484.59,1795248.81,124235.78000000003,0.06472350997097613,6048692.978571429,4504883.3193333335,3916470.3556666668,588412.9636666668
2019-04-06,2259659.48,2043470.72,216188.76,0.09567315868318355,5022548.334285714,4499120.057666666,3923979.6159999995,575140.4416666667
2019-04-07,2241076.34,2042622.76,198453.57999999984,0.0885527978042907,4271097.399999999,4484927.305333333,3919349.054666667,565578.2506666667
2019-04-08,3104721.28,2774939.49,329781.7899999996,0.10621945104199486,3594304.5714285714,4487754.937000001,3930014.46,557740.477
2019-04-09,3989319.25,3630481.23,358838.02,0.08994968753127493,3192831.5528571424,4531345.013,3979874.614333333,551470.3986666667
2019-04-10,3426420.13,3160123.01,266297.1200000001,0.07771875890771168,2712707.6714285715,4564889.522333334,4019101.9023333336,545787.62
2019-04-11,3579994.96,3276911.01,303083.9500000002,0.08466044041581561,2931525.1471428573,4553365.0123333335,4017861.4093333334,535503.603
2019-04-12,3059845.93,2753429.2,306416.73,0.10014122835263145,3094433.9099999997,4483741.768333334,3975168.3663333333,508573.40200000006
2019-04-13,3248777.0,3006192.84,242584.16000000015,0.07466937866157022,3235736.4128571427,4446462.945666666,3960083.8140000002,486379.13166666677
2019-04-14,4002434.76,3635296.53,367138.23,0.09172872314350977,3487359.044285714,4469988.397333333,3994701.4723333335,475286.925
2019-04-15,3468600.1,3009772.87,458827.23,0.13228023316957177,3539341.7328571426,4499143.659333333,4027671.0343333334,471472.625
2019-04-16,5005921.07,4277532.29,728388.7800000003,0.1455054464132812,3684570.5642857146,4544410.848,4071031.365,473379.48300000007
2019-04-17,4866105.58,3844447.57,1021658.0100000002,0.20995393404513846,3890239.9142857147,4557859.272333334,4077183.049666667,480676.2226666667
2019-04-18,3458407.78,2689432.07,768975.71,0.22234963570432403,3872870.3171428577,4520448.306333333,4038119.705333333,482328.601
2019-04-19,3282803.64,2507866.68,774936.96,0.23605949212362878,3904721.4185714284,4437657.423666667,3956370.020666667,481287.40300000005
2019-04-20,3583833.11,2817340.98,766492.1299999999,0.21387495077860919,3952586.5771428575,4410164.623666667,3918200.909,491963.71466666664
2019-04-21,4280648.65,3400564.11,880084.5400000005,0.20559607011895276,3992331.4185714284,4432488.615666667,3921412.3326666662,511076.283
2019-04-22,5111723.35,4071500.83,1040222.5199999996,0.20349742127574247,4227063.311428571,4483446.852333333,3947805.625,535641.2273333333
2019-04-23,6076381.37,4899064.86,1177316.5099999998,0.19375289968015943,4379986.2114285715,4544655.448,3985547.020333334,559108.4276666667
2019-04-24,6020945.99,4856675.57,1164270.42,0.19337001559783132,4544963.412857143,4597134.835333333,4013695.139,583439.6963333334
2019-04-25,4244369.27,3305396.09,938973.1799999997,0.22122796586923735,4657243.625714285,4560445.7376666665,3964984.7563333334,595460.9813333334
2019-04-26,3983588.88,3067018.69,916570.19,0.23008654196263345,4757355.802857143,4475384.9706666665,3867949.529666667,607435.441
2019-04-27,4765470.57,3742260.25,1023210.3200000003,0.2147133855870188,4926161.154285714,4457035.185666666,3837121.617666667,619913.5680000001
2019-04-28,5579108.13,4391470.92,1187637.21,0.2128722337561147,5111655.365714286,4499366.915666667,3855230.7156666666,644136.2
2019-04-29,9634257.78,7639657.66,1994600.1199999992,0.20703204808788075,5757731.712857142,4505753.108666667,3823777.4866666663,681975.622
2019-04-30,8059929.99,6487250.52,1572679.4700000007,0.19512321719310624,6041095.801428571,4524376.3456666665,3814210.226333333,710166.1193333332
2019-05-01,8442603.96,6897673.92,1544930.040000001,0.18299212509785912,6387046.9399999995,4544387.441666666,3806705.301333333,737682.1403333334
2019-05-02,7808399.68,6038961.99,1769437.6899999995,0.22660695693281924,6896194.141428572,4578013.085,3800301.722,777711.3629999999
2019-05-03,4022286.5,3234443.01,787843.4900000002,0.19586956075853876,6901722.372857143,4485846.391666667,3700644.341666667,785202.05
2019-05-04,2045383.76,1603260.81,442122.94999999995,0.21615647813689493,6513138.542857143,4485750.096,3696676.9096666668,789073.1863333334
2019-05-05,2460393.45,1889099.54,571293.9100000001,0.23219615952074663,6067607.874285714,4503780.391333333,3699805.267333334,803975.124
2019-05-06,3089088.99,2546015.45,543073.54,0.17580378608646038,5132583.761428571,4531428.041666667,3716556.7583333333,814871.2833333333
2019-05-07,3216799.62,2460959.9,755839.7200000002,0.23496636697563406,4440707.994285715,4563952.151,3730501.3296666667,833450.8213333334
2019-05-08,3179618.97,2549583.11,630035.8600000003,0.19814822654678033,3688852.9957142854,4566448.740666667,3722989.4503333336,843459.2903333333
2019-05-09,3478743.01,2820877.92,657865.0899999999,0.18910999982145846,3070330.614285714,4549429.532666666,3696002.6733333333,853426.8593333333
2019-05-10,3379956.2,2669556.82,710399.3800000004,0.21018005499597903,2978569.1428571427,4547880.735,3679650.4669999997,868230.2679999999
2019-05-11,3223254.17,2537597.46,685656.71,0.21272188721003035,3146836.3442857144,4535989.375333333,3655006.6820000005,880982.6933333334
2019-05-12,3692378.28,2866716.95,825661.3299999996,0.22361233529951316,3322834.1771428576,4557073.7870000005,3658782.940333334,898290.8466666666
2019-05-13,4792349.11,3788342.27,1004006.8400000003,0.20950202436316254,3566157.0514285713,4608526.190666666,3684854.588,923671.6026666667
2019-05-14,4862166.63,3833993.27,1028173.3599999999,0.21146403203380135,3801209.4814285715,4637183.919666667,3691477.8126666667,945706.1070000001
2019-05-15,5013097.75,3959824.14,1053273.6099999999,0.21010434316785462,4063135.021428571,4688667.174666666,3723146.188333333,965520.9863333334
2019-05-16,4763396.54,3739102.59,1024293.9500000002,0.21503436495337425,4246656.954285714,4680583.023666667,3705198.5316666667,975384.4920000001
2019-05-17,4890006.38,3947766.75,942239.6299999999,0.19268678950067133,4462378.408571429,4681379.716999999,3708642.504333333,972737.2126666666
2019-05-18,4212074.41,3390993.32,821081.0900000003,0.19493508662872847,4603638.4428571435,4706501.938,3732027.879333333,974474.0586666666
2019-05-19,3110577.15,2404869.12,705708.0299999998,0.22687366233626444,4520523.995714285,4700761.055000001,3728594.6273333333,972166.4276666667
2019-05-20,4833855.83,3883813.76,950042.0700000003,0.1965391818481273,4526453.527142857,4742428.479,3764143.72,978284.759
2019-05-21,4376980.41,3545197.6,831782.81,0.19003576257724217,4457141.21,4745639.537666666,3768964.8363333335,976674.7013333333
2019-05-22,5873623.7,4676076.56,1197547.1400000006,0.20388557407925206,4580073.488571429,4771036.216000001,3789117.360666667,981918.8553333334
2019-05-23,5059289.39,4065945.82,993343.5699999998,0.19634053192596676,4622343.895714286,4737133.15,3761346.7260000003,975786.424
2019-05-24,4257574.66,3427856.53,829718.1300000004,0.19488046511438048,4531996.507142857,4678354.105666666,3713719.4246666664,964634.6810000001
2019-05-25,2703860.17,2041659.91,662200.26,0.24490921067120125,4316537.33,4627003.8023333335,3671594.8853333327,955408.917
2019-05-26,3290638.14,2614660.18,675977.96,0.20542458065595748,4342260.328571429,4603905.444333333,3656516.268333333,947389.1760000001
2019-05-27,3692587.25,3103910.35,588676.8999999999,0.15942125673536892,4179221.96,4568142.666999999,3635237.938333333,932904.7286666667
2019-05-28,4649913.83,3737938.55,911975.2800000003,0.19612735060081754,4218212.448571429,4537169.523666667,3613453.526,923715.9976666667
2019-05-29,6694197.08,5100391.64,1593805.4400000004,0.2380876184183093,4335437.217142857,4439167.500333333,3528811.325333333,910356.1750000002
2019-05-30,10560540.55,8440357.87,2120182.6800000016,0.20076459817201323,5121330.240000001,4522521.185666666,3593914.9036666667,928606.2820000001
2019-05-31,8767512.49,6975728.64,1791783.8500000006,0.20436627287884257,5765607.072857142,4533351.47,3596516.7276666667,936834.7423333335
2019-06-01,8443797.15,6772402.64,1671394.5100000007,0.19794347025496706,6585598.070000001,4554531.385666667,3620964.7493333337,933566.6363333336
2019-06-02,7455195.67,6102711.18,1352484.4900000002,0.18141502247116745,7180534.86,4668961.691333334,3716573.6883333335,952388.0030000001
2019-06-03,6200836.36,4928192.22,1272644.1400000006,0.2052374979945448,7538856.161428572,4807476.778,3827404.7353333333,980072.0426666668
2019-06-04,3657388.71,2889750.29,767638.4199999999,0.20988702073179416,7397066.858571428,4847376.62,3860759.7603333327,986616.8596666668
2019-06-05,3116184.22,2354873.53,761310.6900000004,0.24430862755604363,6885922.164285714,4848279.794333334,3854388.363,993891.4313333336
2019-06-06,3413543.4,2707745.48,705797.9199999999,0.20676400950402446,5864922.571428572,4854837.920333334,3862614.549,992223.3713333334
2019-06-07,2810118.57,2267280.87,542837.6999999997,0.19317252510096034,5013866.297142858,4842521.240333334,3853204.474333333,989316.7660000002
2019-06-08,3253725.42,2576270.0,677455.4199999999,0.20820915490773034,4272427.478571429,4835020.654,3845050.8769999994,989969.7770000002
2019-06-09,4254903.93,3456557.9,798346.0299999998,0.18762962528274987,3815242.944285714,4864185.578333333,3871284.246333333,992901.3320000002
2019-06-10,4783133.64,3750235.77,1032897.8699999996,0.21594585218405057,3612713.9842857136,4916181.560666667,3911705.523333333,1004476.0373333335
2019-06-11,4164146.71,3288307.35,875839.3599999999,0.21032865098069511,3685107.9842857146,4931907.175,3925758.5366666666,1006148.6383333335
2019-06-12,4780123.09,3862755.17,917367.9199999999,0.19191303293405357,3922813.537142857,4931499.641,3928238.966666667,1003260.6743333335
2019-06-13,3141446.63,2434324.12,707122.5099999998,0.22509454824002526,3883942.57,4874142.307666666,3881583.328333333,992558.9793333334
2019-06-14,3321275.31,2699480.09,621795.2200000002,0.18721580175176752,3956964.9614285715,4817748.226333333,3839571.86,978176.3663333334
2019-06-15,4401658.94,3526274.43,875384.5100000002,0.19887604240413959,4120955.464285714,4805690.306333333,3832477.588,973212.7183333335
2019-06-16,3952891.26,3206561.32,746329.94,0.18880608924213108,4077810.7971428568,4774453.1356666675,3807770.740333333,966682.3953333335
2019-06-17,4164327.54,3246799.45,917528.0899999999,0.22033043298990834,3989409.9257142856,4772861.573333334,3802964.278,969897.2953333335
2019-06-18,5036738.58,4114695.79,922042.79,0.18306345968823343,4114065.9071428576,4837066.954333333,3859958.500333333,977108.4540000001
2019-06-19,5640058.49,4485935.07,1154123.42,0.20462968993075104,4236913.821428572,4863940.376333333,3880029.2106666663,983911.1656666669
2019-06-20,4189605.48,3314789.57,874815.9100000001,0.2088062740456412,4386650.8,4857694.545333334,3872348.9429999995,985345.6023333336
2019-06-21,3812450.83,3058079.55,754371.2800000003,0.19787042866596138,4456818.731428572,4788988.783000001,3818415.709333333,970573.0736666669
2019-06-22,4550924.39,3531072.86,1019851.5299999998,0.22409766513391796,4478142.367142857,4772043.283000001,3800586.610666667,971456.6723333335
2019-06-23,3568419.01,3068943.59,499475.4199999999,0.13997106802768658,4423217.76,4749071.428,3788622.846,960448.582
2019-06-24,3996277.5,3433419.57,562857.9300000002,0.14084555689638675,4399210.611428572,4792152.005666668,3835014.834666667,957137.1710000001
2019-06-25,5688790.13,5142260.13,546530.0,0.09607139435815328,4492360.832857142,4872090.405333334,3919268.166333333,952822.2390000001
2019-06-26,5662278.62,5280030.26,382248.36000000034,0.06750786841358229,4495535.137142858,4937746.784333333,3991805.496666667,945941.2876666669
2019-06-27,3630711.11,3603596.44,27114.669999999925,0.007468143065780831,4415693.084285715,4903773.360333334,3987327.426333333,916445.9340000001
2019-06-28,4670111.28,4617792.03,52319.25,0.011202998571802769,4538216.005714285,4836303.833666666,3971240.772666667,865063.0610000001
2019-06-29,7024746.69,6925205.4,99541.29000000004,0.01417008959792115,4891619.191428571,4718444.038333332,3920735.690333334,797708.3480000001
2019-06-30,4945041.75,4627222.46,317819.29000000004,0.06427029458345827,5088279.582857142,4591028.347,3842452.151,748576.1960000001
2019-07-01,4925285.45,4871863.28,53422.169999999925,0.010846512459496114,5220995.004285715,4473744.623666667,3779100.839,694643.7846666666
2019-07-02,4873332.05,4786134.47,87197.58000000007,0.017892804985451396,5104500.992857143,4387682.5030000005,3735214.948666667,652467.5543333334
2019-07-03,4886424.07,4756249.61,130174.45999999996,0.026640025125776682,4993664.628571428,4343868.76,3729483.5283333333,614385.2316666668
2019-07-04,1489388.03,1415805.18,73582.8500000001,0.04940475451518171,4687761.331428572,4271602.070666666,3680352.024666667,591250.046
2019-07-05,1841931.9,1789551.81,52380.08999999985,0.028437582301495432,4283735.705714286,4229126.993333333,3661507.967333333,567619.026
2019-07-06,1673667.75,1672504.8,1162.9499999999534,0.0006948511734183523,3519295.8571428573,4171131.1383333337,3626999.944666667,544131.1936666666
2019-07-07,2108446.49,2118852.35,-10405.85999999987,-0.004935320886421865,3114067.9628571426,4147742.0689999997,3622052.3273333334,525689.7416666666
2019-07-08,2671803.54,2584413.1,87390.43999999994,0.03270840789439179,2792141.9757142854,4128344.673,3622323.764,506020.909
2019-07-09,2568480.24,2386535.86,181944.38000000035,0.07083736801494736,2462877.431428571,4072130.55,3586656.3626666665,485474.1873333333
2019-07-10,2970737.48,2920183.57,50553.91000000015,0.01701729295851485,2189207.9185714284,4011717.344666667,3558987.9560000002,452729.3886666667
2019-07-11,3613434.66,3602172.41,11262.25,0.003116771454226323,2492643.1514285714,3993360.276333333,3569450.1246666666,423910.1516666667
2019-07-12,2385921.03,2226726.44,159194.58999999985,0.06672248913452088,2570355.884285714,3913553.541,3514915.8336666664,398637.7073333334
2019-07-13,2098969.4,1932133.96,166835.43999999994,0.0794844555618581,2631113.262857143,3878804.3,3498176.161666667,380628.1383333334
2019-07-14,2644124.5,2456787.05,187337.4500000002,0.07085046487031915,2707638.692857143,3856232.6063333335,3490086.393666667,366146.2126666667
2019-07-15,2978181.99,2929468.55,48713.44000000041,0.016356770729111958,2751407.042857143,3808783.3746666666,3470192.864333333,338590.5103333334
2019-07-16,3187013.74,3153087.05,33926.69000000041,0.010645291413146027,2839768.9714285717,3783254.124,3468410.3886666666,314843.7353333334
2019-07-17,3959202.82,3896487.16,62715.65999999968,0.015840476694750305,2980978.305714286,3776416.6333333333,3490066.645666667,286349.98766666674
2019-07-18,3615222.41,3550288.82,64933.59000000032,0.0179611605140499,2981233.6985714287,3729032.761,3471253.08,257779.68100000004
2019-07-19,2386618.42,2254762.11,131856.31000000006,0.055248174109039205,2981333.3257142855,3620584.7586666667,3396880.648,223704.11066666673
2019-07-20,3483966.92,3119293.47,364673.4499999997,0.1046719037160088,3179190.1142857145,3597063.4733333336,3390364.1113333334,206699.36200000005
2019-07-21,2833440.98,2457034.76,376406.2200000002,0.13284420697550586,3206235.325714286,3564429.811666667,3370329.2849999997,194100.52666666673
2019-07-22,3439033.06,2731287.61,707745.4500000002,0.20579780352562246,3272071.192857143,3527366.767333334,3343669.7766666664,183696.9906666667
2019-07-23,3417186.56,2643724.49,773462.0699999998,0.22634470094603198,3304953.024285714,3522325.6856666664,3329495.8066666666,192829.87900000007
2019-07-24,4684554.37,3722991.01,961563.3600000003,0.20526250397644555,3408574.674285714,3545268.248,3339148.188,206120.06000000006
2019-07-25,4181297.47,3389253.8,792043.6700000004,0.18942533404589373,3489442.5399999996,3495018.492666667,3280714.643666667,214303.84900000007
2019-07-26,2974387.4,2282672.9,691714.5,0.2325569628219915,3573409.5371428574,3405422.1186666666,3180802.731666667,224619.38700000008
2019-07-27,2400455.83,1937294.99,463160.8400000001,0.1929470370633731,3418622.238571428,3364413.6093333336,3125259.35,239154.2593333334
2019-07-28,3130479.33,2444819.96,685659.3700000001,0.2190269596828803,3461056.2885714285,3313092.544333333,3052826.9476666665,260265.59666666674
2019-07-29,3105749.62,2493332.47,612417.1499999999,0.19718819123609838,3413444.368571428,3182459.308666667,2905097.85,277361.4586666667
2019-07-30,3330499.22,3199104.79,131394.43000000017,0.0394518723232129,3401060.462857143,3128641.2243333333,2857493.9276666665,271147.29666666675
2019-07-31,5525632.29,6089074.09,-563441.7999999998,-0.10196874682010369,3521214.4514285713,3148652.7856666665,2898067.621333333,250585.1643333334
2019-08-01,4455488.15,5321254.35,-865766.1999999993,-0.1943145556340441,3560384.548571429,3134724.6556666666,2915904.9506666665,218819.7050000001
2019-08-02,3938923.04,4562144.93,-623221.8899999997,-0.15822139292165496,3698175.354285714,3103141.288,2909434.794666667,193706.49333333346
2019-08-03,2470651.33,3392027.67,-921376.3399999999,-0.3729285184081397,3708203.282857143,3135850.064666667,2975308.877666666,160541.1870000001
2019-08-04,2494912.22,3600849.09,-1105936.8699999996,-0.44327686606946015,3617407.9814285715,3157616.0753333336,3035685.4536666665,121930.62166666679
2019-08-05,1043419.2,1459268.06,-415848.8600000001,-0.39854438177867546,3322789.35,3136607.790333333,3028577.562333333,108030.22800000012
2019-08-06,1858125.18,2640605.83,-782480.6500000001,-0.42111298981481976,3112450.2014285713,3128263.746666667,3045969.3449999997,82294.4016666668
2019-08-07,2612652.22,3641188.5,-1028536.2799999998,-0.3936751597194975,2696310.1914285715,3126292.036,3081195.191666667,45096.84433333347
2019-08-08,2075506.82,2794288.53,-718781.7099999997,-0.34631623614708223,2356312.8585714283,3109859.588666667,3094786.9473333335,15072.641333333466
2019-08-09,1373112.09,1937571.87,-564459.78,-0.4110806278022066,1989768.437142857,3056605.409,3062033.224,-5427.814999999874
2019-08-10,1564845.37,2196994.14,-632148.77,-0.40396884070404987,1860367.585714286,2988319.0993333333,3015193.9483333332,-26874.848999999875
2019-08-11,2346475.31,3292514.02,-946038.71,-0.40317437220338787,1839162.312857143,2987004.242,3050720.201,-63715.95899999987
2019-08-12,1668045.94,2290560.15,-622514.21,-0.3731996793805331,1928394.7042857143,2972640.1266666665,3062667.7406666665,-90027.61399999987
2019-08-13,1490813.69,2171947.13,-681133.44,-0.4568870305987061,1875921.6342857142,2934196.4329999997,3053173.0766666667,-118976.64366666652
2019-08-14,3101196.53,4169515.66,-1068319.1300000004,-0.3444861103336783,1945713.6785714286,2938296.9176666667,3094507.9803333334,-156211.06266666658
2019-08-15,2478038.89,3512738.3,-1034699.4099999997,-0.4175476882850695,2003218.26,2914664.422666667,3106496.3553333334,-191831.93266666654
2019-08-16,1829640.99,2493094.05,-663453.0599999998,-0.3626137934305898,2068436.6742857143,2843679.0283333333,3059716.585,-216037.55666666658
2019-08-17,2003878.36,2733913.19,-730034.8299999998,-0.3643109504910267,2131155.672857143,2789967.56,3032504.0640000002,-242536.50399999987
2019-08-18,1947390.84,2839386.72,-891995.8800000001,-0.458046665147095,2074143.6057142857,2775326.6406666664,3051991.551,-276664.91033333325
2019-08-19,2333967.14,3290384.64,-956417.5,-0.40978190464155373,2169275.205714286,2736993.3146666666,3057694.5900000003,-320701.27533333324
2019-08-20,2278154.51,3059344.57,-781190.06,-0.3429047751462653,2281752.465714286,2718483.7656666664,3077771.5836666664,-359287.81799999985
2019-08-21,2902500.19,3975109.52,-1072609.33,-0.3695466872648164,2253367.274285714,2700599.3366666664,3119232.3140000002,-418632.9773333332
2019-08-22,3279690.88,4303594.26,-1023903.3799999999,-0.31219508711747856,2367888.987142857,2696016.1473333333,3174561.3063333333,-478545.1589999999
2019-08-23,1923531.37,2481146.96,-557615.5899999999,-0.28989160181983403,2381301.898571429,2603982.047333333,3133166.5046666665,-529184.4573333332
2019-08-24,1741999.11,2380723.06,-638723.95,-0.36666146746768424,2343890.577142857,2522672.102,3099548.813333333,-576876.7113333332
2019-08-25,2343821.96,2973037.78,-629215.8199999998,-0.2684571741106137,2400523.5942857144,2501653.2539999997,3122560.9759999993,-620907.7219999998
2019-08-26,1566162.85,2092259.75,-526096.8999999999,-0.33591455703345274,2290837.267142857,2473843.488,3127726.468,-653882.9799999999
2019-08-27,2452198.24,3395896.49,-943698.25,-0.38483766712107254,2315700.657142857,2451234.118333333,3159429.0190000003,-708194.9006666666
2019-08-28,5201709.9,7205663.14,-2003953.2399999993,-0.3852489428524261,2644159.1871428574,2521099.461,3316506.708,-795407.2469999999
2019-08-29,4504012.62,6055206.11,-1551193.4900000002,-0.3444025629750567,2819062.292857143,2560216.5743333334,3411710.0853333334,-851493.5109999998
2019-08-30,5157053.02,6765323.43,-1608270.4100000001,-0.31185842064505287,3280993.957142857,2547930.598666667,3434251.7299999995,-886321.1313333332
2019-08-31,5057671.9,6368386.98,-1310715.08,-0.25915383716369583,3754661.498571429,2568003.390333333,3469156.151,-901152.7606666667
2019-09-01,4505538.06,5575548.49,-1070010.4300000006,-0.23748782404026583,4063478.084285714,2586890.557666667,3502936.269666666,-916045.7119999999
2019-09-02,1524133.27,1524323.94,-190.6699999999255,-0.0001251006088200709,4057473.858571429,2555339.955666667,3440679.4786666664,-885339.5229999999
2019-09-03,1594821.11,1372800.55,222020.56000000006,0.1392134569876618,3934991.411428571,2525336.918666667,3366411.194,-841074.2753333333
2019-09-04,870213.71,795474.98,74738.72999999998,0.08588548897948296,3316206.2414285713,2519563.4023333336,3344284.758,-824721.3556666666
2019-09-05,1849227.68,1737296.3,111931.37999999989,0.06052871758873948,2936951.25,2519266.819,3314174.440333334,-794907.6213333333
2019-09-06,2055566.63,1816545.14,239021.49,0.11628009839797798,2493881.7657142854,2500697.2993333335,3253352.995,-752655.6956666666
2019-09-07,2056135.02,1821442.12,234692.8999999999,0.1141427472987644,2065090.7828571426,2500051.5726666665,3220924.7813333333,-720873.2086666666
2019-09-08,2799308.76,2590587.34,208721.41999999993,0.07456177145675061,1821343.74,2547591.461666667,3242691.9636666668,-695100.5020000001
2019-09-09,3586421.12,3025750.34,560670.7800000003,0.15633155205153382,2115956.29,2614977.32,3270317.1703333333,-655339.8503333334
2019-09-10,2327550.31,2102928.06,224622.25,0.09650586242322727,2220631.8899999997,2614346.4866666663,3230664.305,-616317.8183333334
2019-09-11,2579418.47,2224939.94,354478.53000000026,0.13742575472835172,2464803.998571429,2644725.571,3228476.9646666665,-583751.3936666666
2019-09-12,2239528.24,2055638.17,183890.0700000003,0.0821110744287825,2520561.2214285717,2669682.722666667,3224599.9993333337,-554917.2766666666
2019-09-13,2602979.12,2360984.02,241995.1000000001,0.09296851370824676,2598763.0057142857,2653075.4756666664,3164315.6113333334,-511240.1356666666
2019-09-14,2471379.44,2104170.27,367209.1699999999,0.1485846989161648,2658083.637142857,2652853.4940000004,3117363.3436666667,-464509.8496666666
2019-09-15,2704686.82,2355376.75,349310.06999999983,0.12914991392607883,2644566.217142857,2682021.6883333335,3112772.7669999995,-430751.07866666664
2019-09-16,3377677.52,3056070.46,321607.06000000006,0.09521544259204474,2614745.702857143,2727814.9936666666,3123511.3426666665,-395696.349
2019-09-17,2208634.91,1901278.99,307355.92000000016,0.1391610349942355,2597757.7885714285,2736523.1293333336,3092241.085,-355717.9556666666
2019-09-18,2218355.01,1872520.36,345834.6499999997,0.15589689136365947,2546177.294285714,2732669.3916666666,3044978.942333333,-312309.55066666665
2019-09-19,2750834.47,2383301.79,367532.68000000017,0.1336077048649169,2619221.041428571,2748425.390333333,3022444.183,-274018.7926666667
2019-09-20,1849923.37,1616131.82,233791.55000000005,0.12637904563582006,2511641.6485714284,2713339.496333333,2943811.593,-230472.09666666665
2019-09-21,3723308.64,3312576.87,410731.77,0.11031365103270085,2690488.677142857,2728126.7550000004,2910777.68,-182650.92499999996
2019-09-22,3164897.45,2715456.74,449440.70999999996,0.1420079851244469,2756233.052857143,2769505.6243333337,2918588.0059999996,-149082.38166666665
2019-09-23,3099449.09,2787237.94,312211.1499999999,0.10073117542317817,2716486.1342857145,2814753.9570000004,2932138.502,-117384.54499999998
2019-09-24,2947408.34,2515101.0,432307.33999999985,0.14667371810449578,2822025.195714286,2834873.503,2916873.9426666666,-82000.43966666669
2019-09-25,2898334.29,2483117.25,415217.04000000004,0.14326057606005138,2919165.0928571434,2879279.2176666665,2929902.526,-50623.308333333334
2019-09-26,2908501.91,2610054.46,298447.4500000002,0.10261208664635196,2941689.012857143,2894489.3400000003,2903707.7916666665,-9218.45166666666
2019-09-27,3950186.78,3564014.93,386171.8499999996,0.09776040261063292,3241726.6428571427,2852771.9026666665,2782319.5179999997,70452.38466666664
2019-09-28,3814692.18,3453282.93,361409.25,0.09474139273801116,3254781.4342857148,2829794.554666667,2695588.7453333335,134205.8093333333
2019-09-29,4292493.62,3763429.08,529064.54,0.12325342489384994,3415866.6014285716,2800975.908,2595525.6003333335,205450.30766666666
2019-09-30,4319120.35,3566624.12,752496.2299999995,0.17422441817348283,3590105.3528571427,2776357.5230000005,2502133.5050000004,274224.018
2019-10-01,3461580.0,2846842.32,614737.6800000002,0.17758875426828216,3663558.447142857,2741558.9210000006,2411176.632666667,330382.2883333333
2019-10-02,1385364.76,1073130.28,312234.48,0.22538070045898959,3447419.942857143,2736933.3039999995,2396136.8439999996,340796.46
2019-10-03,1326788.68,1033086.86,293701.81999999995,0.22136292269240643,3221460.91,2727998.8896666667,2384813.0543333334,343185.83533333335
2019-10-04,1866207.62,1478185.6,388022.02,0.20792007054391942,2923749.6014285716,2761198.6866666665,2407570.075,353628.61166666663
2019-10-05,1911023.55,1500730.35,410293.19999999995,0.21469813912026356,2651796.9400000004,2763258.549,2399684.5433333335,363574.0056666666
2019-10-06,2387439.44,1819262.68,568176.76,0.2379858313809208,2379646.3428571424,2774320.9760000003,2399775.1279999996,374545.84800000006
2019-10-07,1999285.69,1511800.84,487484.84999999986,0.2438295099286185,2048241.3914285714,2772425.9983333335,2389453.752,382972.2463333334
2019-10-08,1470915.7,1203719.05,267196.6499999999,0.18165327217596489,1763860.777142857,2728146.2296666666,2343224.809,384921.42066666664
2019-10-09,1397689.65,1162543.67,235145.97999999998,0.16823905077926277,1765621.4757142856,2655188.514,2281117.92,374070.5939999999
2019-10-10,1458507.56,1177103.47,281404.0900000001,0.19293975411413025,1784438.4585714287,2626220.422333333,2250257.1003333335,375963.3219999999
2019-10-11,2040409.76,1602691.87,437717.8899999999,0.21452450315666002,1809324.4785714285,2608253.4653333337,2229515.498,378737.96733333333
2019-10-12,1557560.26,1243446.67,314113.5900000001,0.20167026475110508,1758829.722857143,2585521.199333333,2202442.4480000003,383078.7513333333
2019-10-13,2002257.12,1582043.04,420214.0800000001,0.20987018889961548,1703803.677142857,2565497.132666667,2176477.748666667,389019.38399999996
2019-10-14,1775994.7,1462978.37,313016.32999999984,0.17624845952524512,1671904.9642857143,2542317.641333333,2155104.685333333,387212.956
2019-10-15,2018887.59,1548517.17,470370.42000000016,0.2329849479138163,1750186.662857143,2519457.6670000004,2128209.366,391248.301
2019-10-16,1464108.41,1141541.16,322567.25,0.22031650648055495,1759675.0571428572,2455672.0300000003,2064391.7226666668,391280.3073333333
2019-10-17,1372058.65,1046890.17,325168.47999999986,0.2369931343678347,1747325.2128571426,2427786.154666667,2035912.0953333334,391874.05933333334
2019-10-18,1653633.26,1278811.6,374821.6599999999,0.2266655304211769,1692071.427142857,2408962.0963333333,2016121.8033333335,392840.29299999995
2019-10-19,2811323.63,2269521.38,541802.25,0.192721408598554,1871180.48,2410978.401666667,2012329.1230000001,398649.27866666665
2019-10-20,2844841.01,2392660.05,452180.95999999996,0.15894770864541213,1991549.607142857,2444142.323,2038213.3973333335,405928.9256666666
2019-10-21,2711153.32,2148763.37,562389.9499999997,0.20743568644800942,2125143.6957142856,2410403.8123333333,1999419.614,410984.19833333325
2019-10-22,2214683.33,1838977.01,375706.32000000007,0.16964335935106353,2153114.5157142854,2378730.0083333333,1970203.6230000001,408526.3853333333
2019-10-23,1759141.45,1358481.77,400659.67999999993,0.22775864897049633,2195262.0928571424,2334053.087,1922578.4173333333,411474.6696666666
2019-10-24,2022900.04,1666320.71,356579.3300000001,0.17627135446593795,2288239.4342857143,2303236.143666667,1894285.741,408950.4026666666
2019-10-25,3187144.16,2421364.94,765779.2200000002,0.2402712841203895,2507312.4199999995,2312863.139333333,1892227.3306666666,420635.8086666667
2019-10-26,2566324.34,2091249.47,475074.8699999999,0.18511879523380895,2472312.521428571,2301457.220333333,1874933.831,426523.3893333333
2019-10-27,2753908.73,2215124.51,538784.2200000002,0.1956434554750114,2459322.195714286,2261581.2853333335,1829970.817,431610.4683333333
2019-10-28,4549329.18,3685783.91,863545.2699999996,0.189818154684511,2721918.7471428565,2286069.1853333334,1837720.8496666665,448348.3356666666
2019-10-29,4173624.95,3482498.58,691126.3700000001,0.16559378915922957,3001767.5500000003,2282106.8963333336,1828356.4996666668,453750.3966666666
2019-10-30,4011152.34,3303293.41,707858.9299999997,0.17647271157993458,3323483.391428571,2271841.2959999996,1819578.8093333333,452262.48666666663
2019-10-31,3902622.14,3200919.46,701702.6800000002,0.17980287479228008,3592015.12,2286542.7006666665,1831381.3806666667,455161.32
2019-11-01,2457372.77,1859550.39,597822.3800000001,0.2432770425790956,3487762.064285714,2322276.301,1857595.3843333335,464680.9166666667
2019-11-02,1251673.78,1011108.33,240565.45000000007,0.1921950062739191,3299954.841428571,2319772.471,1856862.7666666666,462909.7043333333
2019-11-03,1429798.26,1038587.83,391210.43000000005,0.27361232765802923,3110796.202857143,2305225.492333333,1842209.5076666665,463015.98466666666
2019-11-04,1262571.36,995581.04,266990.32000000007,0.21146552857020298,2641259.3714285716,2283610.419333333,1825371.1973333333,458239.222
2019-11-05,1612667.27,1321321.71,291345.56000000006,0.1806606765200859,2275408.274285714,2257784.680333333,1808773.1649999998,449011.5153333333
2019-11-06,1293265.9,977612.75,315653.1499999999,0.24407443975751617,1887138.7828571429,2234250.6873333333,1790966.8953333334,443283.792
2019-11-07,1946539.7,1520179.67,426360.03,0.21903484937913162,1607698.4342857145,2250104.820666666,1801515.5826666665,448589.238
2019-11-08,1109713.24,903061.67,206651.56999999995,0.1862206942759374,1415175.6442857143,2240505.607,1792866.1826666666,447639.4243333333
2019-11-09,2311380.72,1875909.56,435471.16000000015,0.18840304248968562,1566562.3499999999,2268934.7123333337,1816159.719,452774.99333333335
2019-11-10,3011648.48,2352435.67,659212.81,0.2188877003334732,1792540.9528571428,2301309.3363333335,1841151.179,460158.15733333334
2019-11-11,2092297.23,1711092.76,381204.47,0.18219422390574974,1911073.2200000002,2319133.9020000002,1856739.382,462394.51999999996
2019-11-12,2105090.82,1720904.41,384186.4099999999,0.18250348457649915,1981419.4414285715,2322561.6920000003,1861368.0943333332,461193.59766666667
2019-11-13,2427345.64,1997625.77,429719.8700000001,0.17703283080855353,2143430.832857143,2344273.39,1879189.6743333335,465083.7156666667
2019-11-14,2269908.4,1766713.41,503194.99,0.22168074711737268,2189626.3614285714,2352640.750333333,1886462.8823333334,466177.86799999996
2019-11-15,2141001.63,1662947.41,478054.22,0.22328531342594074,2336953.274285714,2375203.8576666666,1903843.0906666666,471360.767
2019-11-16,1941582.58,1536690.27,404892.31000000006,0.2085372593320239,2284124.9685714287,2394187.9886666667,1920169.7606666668,474018.228
2019-11-17,2590750.35,2104287.3,486463.0500000003,0.18776917274178898,2223996.6642857143,2425425.225,1947685.6173333332,477739.6076666667
2019-11-18,2099691.1,1835944.86,263746.24,0.12561192453499467,2225052.931428571,2401704.140666667,1933233.0666666667,468471.07399999996
2019-11-19,1303736.25,1077699.56,226036.68999999994,0.17337608737963675,2110573.707142857,2350333.9820000003,1889401.0503333332,460932.9316666667
2019-11-20,1211508.93,1056017.89,155491.04000000004,0.12834493923210294,1936882.7485714282,2300345.8356666663,1852976.2010000001,447369.6346666667
2019-11-21,1758120.57,1675422.59,82697.97999999998,0.04703771823794768,1863770.2014285715,2285127.077,1847524.3869999999,437602.69000000006
2019-11-22,1717259.82,1683212.87,34046.94999999995,0.01982632424253655,1803235.657142857,2283731.022666667,1858348.757,425382.2656666667
2019-11-23,1275541.97,1314745.82,-39203.85000000009,-0.030735052959488345,1708086.9985714287,2258819.087,1846629.594,412189.493
2019-11-24,1513582.11,1601636.32,-88054.20999999996,-0.05817603777042526,1554205.8214285714,2203033.685333333,1819305.3066666664,383728.3786666667
2019-11-25,1823713.36,1796200.75,27512.610000000102,0.015086038520878139,1514780.4300000002,2178279.986,1809470.3493333333,368809.6366666667
2019-11-26,1658805.72,1632988.64,25817.080000000075,0.01556365503731207,1565504.6400000001,2141776.5523333335,1790065.8203333332,351710.732
2019-11-27,1673862.79,1730384.96,-56522.169999999925,-0.033767504921953566,1631555.1914285717,2045927.6726666666,1724885.8553333334,321041.81733333337
2019-11-28,2283224.58,2385990.97,-102766.39000000013,-0.04500932186005116,1706570.0500000003,1982914.327,1688335.6016666666,294578.7253333333
2019-11-29,1727675.92,1763358.52,-35682.60000000009,-0.020653526270135256,1708058.0642857142,1906798.4463333334,1637004.4386666669,269794.0076666667
2019-11-30,1706944.78,1590980.52,115964.26000000001,0.0679367378246413,1769687.0371428572,1833609.201,1583339.8073333332,250269.39366666667
2019-12-01,1570052.1,1541270.84,28781.26000000001,0.018331404416452174,1777754.1785714286,1804031.8453333334,1572730.489,231301.35633333336
2019-12-02,939051.09,913949.28,25101.80999999994,0.026731037605206273,1651373.8542857144,1793611.0890000002,1569491.854,224119.23500000002
2019-12-03,1049432.49,1050128.15,-695.6599999999162,-0.0006628916167822441,1564320.5357142857,1780932.2300000002,1569876.5313333336,211055.6986666667
2019-12-04,808148.29,776278.66,31869.630000000005,0.03943537392128863,1440647.0357142857,1765784.7943333336,1562566.452,203218.34233333336
2019-12-05,584316.21,549261.88,35054.32999999996,0.059992054644521946,1197945.84,1731506.4256666666,1536831.1243333335,194675.30133333334
2019-12-06,1028672.61,965955.9,62716.70999999996,0.0609685816364839,1098088.2242857143,1722686.6493333334,1536442.5626666667,186244.0866666667
2019-12-07,1004670.88,991134.01,13536.869999999995,0.013473934867107918,997763.3814285714,1691291.0219999999,1518807.7073333333,172483.31466666667
2019-12-08,992442.58,1015934.13,-23491.550000000047,-0.023670437437297426,915247.7357142858,1687382.0,1522570.1226666667,164811.87733333334
2019-12-09,1419175.87,1414450.62,4725.25,0.003329573240277824,983836.99,1657641.8383333334,1507188.1579999998,150453.68033333335
2019-12-10,902926.09,843652.61,59273.47999999998,0.06564599323960169,962907.5042857144,1587351.092,1456895.3893333334,130455.70266666666
2019-12-11,1013400.28,984737.87,28662.410000000033,0.02828340446087111,992229.217142857,1551387.8603333335,1432683.5596666667,118704.30066666666
2019-12-12,928048.97,925066.67,2982.29999999993,0.003213515769539543,1041333.8971428572,1512153.132,1406155.6350000002,105997.497
2019-12-13,1377941.74,1350365.69,27576.050000000047,0.02001249341644883,1091229.4871428572,1477173.002,1384580.2989999999,92592.70300000001
2019-12-14,1133983.1,1100467.71,33515.39000000013,0.02955545810162438,1109702.6614285714,1439308.8253333333,1362372.1090000002,76936.71633333334
2019-12-15,1178357.1,1177403.13,953.9700000002049,0.0008095763160422293,1136261.8785714286,1407220.6743333335,1346187.2996666664,61033.37466666669
2019-12-16,2441615.29,2435335.9,6279.39000000013,0.002571817937788279,1282324.652857143,1423888.4313333335,1376142.154,47746.27733333336
2019-12-17,1509802.09,1466889.03,42913.060000000056,0.02842297032454105,1369021.2242857143,1387856.8226666667,1354895.5450000002,32961.277666666676
2019-12-18,1081751.46,1118946.01,-37194.55000000005,-0.03438363743923216,1378785.6785714286,1353925.5013333333,1330995.5833333333,22929.91800000001
2019-12-19,1755344.65,1729566.17,25778.47999999998,0.01468570858719966,1496970.7757142857,1368979.1146666666,1352724.4703333334,16254.644333333343
2019-12-20,1591897.49,1519651.21,72246.28000000003,0.04538375143741198,1527535.8828571427,1381658.7333333334,1368178.9143333333,13479.81900000001
2019-12-21,1604411.0,1557139.8,47271.19999999995,0.029463273438040474,1594739.8685714286,1376535.081,1364236.1546666666,12298.926333333342
2019-12-22,1998393.15,2053342.91,-54949.76000000001,-0.02749697175453189,1711887.8757142858,1385906.192,1376573.8226666667,9332.369333333343
2019-12-23,1553261.7,1489890.38,63371.320000000065,0.04079886860018506,1584980.22,1395163.5163333334,1382411.9746666667,12751.541666666682
2019-12-24,1516895.67,1497007.31,19888.35999999987,0.013111224715935718,1585993.5885714286,1395273.9683333335,1378924.3409999998,16349.627333333343
2019-12-25,1299670.93,1288364.93,11306.0,0.00869912509314954,1617124.9414285715,1377805.8873333335,1361996.4803333331,15809.407000000007
2019-12-26,962186.25,831064.78,131121.46999999997,0.1362745206554344,1503816.5985714286,1354585.2383333333,1335265.6849999998,19319.553333333337
2019-12-27,2014300.3,2077708.75,-63408.44999999995,-0.03147914439569907,1564159.857142857,1365933.1553333332,1346843.1446666666,19090.01066666667
2019-12-28,3502828.06,3565984.26,-63156.19999999972,-0.01803005997388285,1835362.2942857142,1406586.6046666666,1386176.2543333333,20410.35033333335
2019-12-29,3313547.73,3269447.73,44100.0,0.01330899796635795,2023241.5199999998,1459448.9983333333,1436379.228,23069.770333333352
2019-12-30,3576704.95,3493583.35,83121.6000000001,0.023239713971933886,2312304.8414285714,1521774.3373333334,1499799.3223333333,21975.01500000002
2019-12-31,2778326.07,2777906.18,419.8899999996647,0.00015113056906227885,2492509.1842857143,1562050.1363333336,1541020.5003333332,21029.63600000001
2020-01-01,1871817.88,1823332.03,48485.84999999986,0.02590308091297849,2574244.462857143,1593142.3626666665,1571333.258666667,21809.104000000007
2020-01-02,306693.87,273455.38,33238.48999999999,0.10837676670877051,2480602.694285714,1568384.4086666668,1545444.1663333331,22940.24233333334
2020-01-03,766406.86,609099.87,157306.99,0.2052525860741904,2302332.202857143,1566993.0276666665,1539871.54,27121.48766666667
2020-01-04,888245.03,704147.35,184097.68000000005,0.2072600169797742,1928820.3414285711,1577123.9883333335,1545034.389,32089.59933333334
2020-01-05,1285208.07,1020467.61,264740.4600000001,0.20599034987385356,1639057.5328571429,1585675.1703333333,1546851.446,38823.724333333346
2020-01-06,970782.47,779316.08,191466.39,0.19722893224472834,1266782.892857143,1584545.5566666669,1539790.8483333334,44754.70833333334
2020-01-07,764267.46,602605.56,161661.8999999999,0.21152529508452436,979060.2342857142,1576939.7193333334,1526013.2293333334,50926.490000000005
2020-01-08,1107287.26,894624.14,212663.12,0.19205776827957002,869841.5742857142,1566543.4323333332,1508685.68,57857.752333333345
2020-01-09,1056334.6,871321.63,185012.9700000001,0.17514618000773624,976933.1071428572,1571657.0493333335,1509607.9806666668,62049.06866666667
2020-01-10,1052535.45,809623.15,242912.29999999993,0.2307877611153144,1017808.6200000001,1572961.555,1503770.8233333332,69190.73166666667
2020-01-11,1482481.4,1217653.88,264827.52,0.17863800517159947,1102699.53,1591442.6360000002,1513523.7303333331,77918.90566666667
2020-01-12,1377373.92,1076992.76,300381.1599999999,0.21808250877873447,1115866.0799999998,1591423.7086666666,1504411.2993333333,87012.40933333334
2020-01-13,1823598.04,1448101.5,375496.54000000004,0.205909708040704,1237696.8757142858,1614410.8733333333,1515999.092333333,98411.781
2020-01-14,1243925.22,978766.56,265158.6599999999,0.21316286199262036,1306219.412857143,1616596.4773333333,1509377.8733333335,107218.60399999999
2020-01-15,1380005.06,1018100.72,361904.3400000001,0.26224856016107656,1345179.0985714288,1581209.4696666666,1462136.7006666665,119072.769
2020-01-16,1030944.9,795470.95,235473.95000000007,0.22840595069629818,1341551.9985714287,1565247.5633333332,1439756.0980000002,125491.46533333333
2020-01-17,1830660.94,1431085.31,399575.6299999999,0.21826850689237948,1452712.7828571429,1590211.2126666668,1450160.741333333,140050.47133333332
2020-01-18,1766837.19,1324243.87,442593.31999999983,0.25050034180002734,1493335.0385714285,1590594.2973333334,1436649.9980000001,153944.29933333333
2020-01-19,1524971.65,1235381.65,289590.0,0.1898986122135451,1514420.4285714286,1588363.436,1427174.3460000001,161189.08999999997
2020-01-20,1754063.39,1357099.14,396964.25,0.22631123382604776,1504486.907142857,1593351.849,1420506.324,172845.52499999997
2020-01-21,1339757.99,1058996.46,280761.53,0.20956137757387067,1518177.3028571426,1571397.3436666667,1387361.4423333334,184035.90133333334
2020-01-22,1519425.6,1259362.61,260062.99,0.1711587523601024,1538094.5228571426,1570269.4736666668,1379677.1833333333,190592.29033333334
2020-01-23,1004242.27,765471.69,238770.58000000007,0.23776192969849802,1534279.8614285716,1553181.0269999998,1355292.6626666668,197888.36433333333
2020-01-24,1704378.2,1375285.81,329092.3899999999,0.19308648162714115,1516239.47,1566671.2693333332,1358190.0253333335,208481.24399999998
2020-01-25,1822074.98,1406914.83,415160.1499999999,0.2278502007639663,1524130.582857143,1595334.2269999997,1377385.027,217949.2
2020-01-26,2456410.62,1973809.59,482601.03,0.19646594346673196,1657193.2928571426,1610071.2376666667,1373921.721666667,236149.51599999997
2020-01-27,3063079.4,2398030.81,665048.5899999999,0.21711764637900013,1844195.58,1595412.949,1334989.94,260423.00899999996
2020-01-28,2756106.46,2116903.62,639202.8399999999,0.23192240549372678,2046531.0757142857,1576831.5733333335,1296571.803,280259.7703333333
2020-01-29,2649423.01,2056424.25,592998.7599999998,0.22382185017710698,2207959.277142857,1545922.1753333332,1248666.4996666668,297255.67566666665
2020-01-30,2487204.75,2078176.85,409027.8999999999,0.16445284611168418,2419811.0599999996,1536218.1313333332,1225342.1886666666,310875.9426666666
2020-01-31,1641713.06,1229647.19,412065.8700000001,0.2509974976991412,2410858.8971428573,1528547.9706666667,1205552.694,322995.2766666666
2020-02-01,1463943.76,1142123.1,321820.6599999999,0.21983130007671872,2359697.294285714,1567122.967,1234508.284666667,332614.6823333333
2020-02-02,1093114.88,845764.23,247350.6499999999,0.22628056256996515,2164940.7600000002,1578013.2343333333,1242397.0966666667,335616.13766666665
2020-02-03,1316072.4,1043180.49,272891.9099999999,0.20735326567140222,1915368.3314285711,1592274.1466666667,1253698.2013333333,338575.9453333333
2020-02-04,1029616.88,806175.81,223441.06999999995,0.2170137983751781,1668726.9628571428,1583754.440333333,1246555.1413333332,337199.29899999994
2020-02-05,1584431.42,1282491.8,301939.6199999999,0.19056654405401774,1516585.3071428572,1604209.4053333332,1263327.6653333334,340881.74
2020-02-06,1426441.72,1176781.21,249660.51,0.17502328100723247,1365047.7314285715,1626281.8806666664,1282466.8536666667,343815.02699999994
2020-02-07,1459386.86,1149577.39,309809.4700000002,0.21228741911517565,1339001.1314285714,1638018.5339999998,1290965.2953333335,347053.2386666666
2020-02-08,2184212.09,1826022.53,358189.5599999998,0.1639902835626186,1441896.607142857,1675614.4503333333,1322788.6586666666,352825.7916666666
2020-02-09,2055783.58,1523755.95,532027.6300000001,0.2587955440328987,1579420.7071428571,1709056.0546666668,1346593.0853333334,362462.9693333333
2020-02-10,2291998.17,1847054.74,444943.42999999993,0.19412905115888462,1718838.6742857143,1736039.947,1367573.114,368466.8329999999
2020-02-11,1213349.37,971610.69,241738.68000000017,0.1992325425610928,1745086.172857143,1730572.462,1364060.3783333334,366512.08366666664
2020-02-12,1321005.73,1096334.73,224671.0,0.17007571950501685,1707453.9314285715,1713819.3850000002,1352334.8193333333,361484.5656666666
2020-02-13,1581431.75,1352362.12,229069.6299999999,0.14484952006306936,1729595.3642857142,1725069.6026666665,1364788.0046666667,360281.598
2020-02-14,2037539.68,1651978.34,385561.33999999985,0.1892288743058981,1812188.6242857142,1746987.4233333333,1385917.2586666667,361070.16466666665
2020-02-15,2021731.66,1579252.08,442479.57999999984,0.21886167623254207,1788977.1342857142,1780013.6486666666,1412043.2963333332,367970.3523333333
2020-02-16,2850540.94,2254151.72,596389.2199999997,0.209219664812111,1902513.9000000001,1814009.6486666664,1439478.8433333335,374530.80533333326
2020-02-17,3027388.85,2358428.94,668959.9100000001,0.2209692719189344,2007569.7114285715,1856028.0373333332,1473951.679,382076.3583333333
2020-02-18,1906269.53,1488503.07,417766.45999999996,0.2191539304517971,2106558.3057142855,1868737.9666666666,1482389.0596666667,386348.9069999999
2020-02-19,2587869.93,2040282.29,547587.6400000001,0.21159782168804755,2287538.9057142856,1896531.518,1505161.8313333332,391369.6866666666
2020-02-20,2179252.94,1655887.69,523365.25,0.2401581020696019,2372941.932857143,1924514.683,1525058.2056666666,399456.4773333333
2020-02-21,1875282.27,1484938.15,390344.1200000001,0.20815219460268244,2349762.302857143,1936376.572,1532577.3903333333,403799.18166666664
2020-02-22,2816611.42,2298912.93,517698.48999999976,0.18380188560053476,2463316.554285715,1996788.877,1583692.0983333334,413096.7786666666
2020-02-23,3660447.62,2943311.48,717136.1400000001,0.19591487556923437,2579017.5085714282,2061991.1909999999,1635959.6206666667,426031.57033333334
2020-02-24,4913668.98,3894010.08,1019658.9000000004,0.20751477239315383,2848486.0985714286,2165044.3243333334,1718862.795666667,446181.52866666665
2020-02-25,3883383.17,3094926.07,788457.1000000001,0.2030335574637617,3130930.904285714,2212610.076,1756233.3449999997,456376.7309999999
2020-02-26,3776016.2,3155920.72,620095.48,0.16421949672779473,3300666.0857142857,2236374.636,1781496.3420000002,454878.29399999994
2020-02-27,2799802.2,2267130.6,532671.6000000001,0.19025329717935077,3389315.9800000004,2237831.1606666665,1786503.9079999998,451327.2526666666
2020-02-28,1651589.28,1198881.14,452708.14000000013,0.2741045521922981,3357359.838571429,2204570.0363333332,1757919.1376666664,446650.89866666665
2020-02-29,440505.08,389641.44,50863.640000000014,0.11546663661631329,3017916.075714286,2136346.714,1701634.6240000003,434712.09
2020-03-01,574193.42,436323.03,137870.39,0.240111407058618,2577022.618571428,2100762.7260000003,1675190.4853333335,425572.2406666667
2020-03-02,723891.53,597321.16,126570.37,0.1748471487157751,1978482.9828571428,2076094.3183333331,1657030.4206666665,419063.89766666666
2020-03-03,943222.71,762767.07,180455.64,0.19131816705303886,1558460.0600000003,2071097.9126666666,1654263.8486666668,416834.0640000001
2020-03-04,1909614.63,1505586.81,404027.81999999983,0.21157557847155783,1291831.2642857141,2090882.6536666667,1669677.3926666668,421205.261
2020-03-05,2333220.72,1843371.65,489849.0700000003,0.20994544828146403,1225176.7671428572,2134336.115,1704250.5873333334,430085.52766666666
2020-03-06,1511362.89,1171921.71,339441.17999999993,0.22459277136280617,1205144.4257142858,2131900.4973333334,1700564.9176666667,431335.5796666667
2020-03-07,1871812.61,1532326.46,339486.15000000014,0.1813675942700269,1409616.93,2146746.1936666667,1712416.426,434329.76766666665
2020-03-08,2407053.63,1849597.49,557456.1399999999,0.23159273771561123,1671454.1028571427,2178335.086,1735750.4293333332,442584.6566666667
2020-03-09,2614688.4,2090705.98,523982.4199999999,0.2003995657761743,1941567.9414285715,2192684.2963333335,1744573.2110000001,448111.08533333335
2020-03-10,2160515.74,1668007.68,492508.0600000003,0.22795856141274873,2115466.9457142856,2196175.3683333336,1749381.6020000002,446793.76633333333
2020-03-11,3433278.78,2692451.6,740827.1799999997,0.21577833536721994,2333133.2528571426,2234218.055333333,1777561.4973333334,456656.558
2020-03-12,4588363.52,3791750.44,796613.0799999996,0.17361594750016662,2655296.5100000002,2346718.5270000002,1871566.1556666668,475152.3713333334
2020-03-13,3021810.51,2369481.88,652328.6299999999,0.21587344005895326,2871074.7414285713,2403412.0196666666,1914004.394,489407.62566666666
2020-03-14,2973651.06,2401421.48,572229.5800000001,0.19243333143465732,3028480.2342857146,2449819.3299999996,1948973.0393333333,500846.29066666664
2020-03-15,3221293.98,2639677.91,581616.0699999998,0.18055355196112832,3144800.2842857144,2489277.8066666666,1981896.3583333334,507381.4483333333
2020-03-16,3825962.41,3158330.02,667632.3900000001,0.17450050953323404,3317839.4285714286,2549418.831666666,2034532.2896666666,514886.5420000001
2020-03-17,3337087.52,2593918.94,743168.5800000001,0.22269975706240994,3485921.1114285714,2565637.051,2045857.8636666664,519779.18733333336
2020-03-18,4361415.01,3636509.4,724905.6099999999,0.1662088125844277,3618512.001428571,2610104.5896666665,2088460.545666667,521644.044
2020-03-19,4192556.63,3408251.62,784305.0099999998,0.18707082079413673,3561968.1599999997,2686314.1596666668,2152452.164,533861.9956666667
2020-03-20,4714923.6,4026187.52,688736.0799999996,0.14607576674201034,3803841.458571429,2757215.9486666666,2218649.0050000004,538566.9436666666
2020-03-21,3786624.27,3364585.08,422039.18999999994,0.11145525933049595,3919980.488571428,2810794.993,2275605.5846666666,535189.4083333333
2020-03-22,3660217.49,3308325.46,351892.03000000026,0.09613965043372334,3982683.8471428566,2870292.833666667,2336385.1616666666,533907.6719999999
2020-03-23,4599846.79,4217636.5,382210.29000000004,0.08309196098246568,4093238.758571428,2929734.0126666664,2400342.614,529391.3986666667
2020-03-24,3777061.29,3491500.34,285560.9500000002,0.07560400217916512,4156092.154285714,2933621.135,2418615.576,515005.559
2020-03-25,5473119.8,4913905.47,559214.3300000001,0.10217469202848439,4314907.124285714,2952269.495666667,2452612.089,499657.4066666666
2020-03-26,4976074.87,4486016.71,490058.16000000015,0.09848287511799439,4426838.301428571,2988692.5523333335,2498981.7770000002,489710.77533333335
2020-03-27,5292649.55,4770553.08,522096.46999999974,0.09864557724212059,4509370.58,3039246.9973333334,2552802.8556666668,486444.14166666666
2020-03-28,4107108.15,3626441.43,480666.71999999974,0.11703288602224896,4555153.991428571,3082823.862333333,2598113.216666667,484710.6456666666
2020-03-29,4853424.1,4204693.19,648730.9099999992,0.1336645833196401,4725612.078571429,3189551.6896666666,2698306.9516666667,491244.73799999995
2020-03-30,8661154.35,7724558.44,936595.9099999992,0.10813753827167383,5305798.872857143,3463573.332,2942804.1850000005,520769.1469999999
2020-03-31,7897174.25,7105527.86,791646.3899999997,0.10024426015419372,5894386.438571429,3707672.6929999995,3165111.012666667,542561.6803333332
2020-04-01,8755809.46,7957568.75,798240.7100000009,0.09116698046556175,6363342.104285715,3975403.290666667,3410452.599,564950.6916666665
2020-04-02,7577709.18,6681340.51,896368.6699999999,0.11829019149557808,6735004.148571429,4196552.839666666,3607738.3803333333,588814.4593333333
2020-04-03,6784809.88,6004344.42,780465.46,0.11503129399404777,6948169.909999999,4359059.348,3757696.967333333,601362.3806666665
2020-04-04,2596249.84,2421613.19,174636.6499999999,0.067264963220951,6732333.008571429,4367826.985333333,3776971.6853333334,590855.2999999999
2020-04-05,2270549.35,2115323.24,155226.10999999987,0.06836500162394614,6363350.901428572,4393133.200666667,3808418.403,584714.7976666666
2020-04-06,2174513.69,1986210.77,188302.91999999993,0.08659541711140017,5436687.95,4403223.236666666,3823547.8800000004,579675.3566666667
2020-04-07,2970609.75,2686271.15,284338.6000000001,0.09571725131515511,4732893.021428571,4422008.440666666,3851437.002,570571.4386666665
2020-04-08,4245321.13,3850661.27,394659.85999999987,0.0929634880176897,4088537.545714285,4476362.865,3910102.1783333337,566260.6866666666
2020-04-09,3887991.65,3427172.36,460819.29000000004,0.11852373448384336,3561435.041428572,4533945.395333333,3968741.001,565204.3943333332
2020-04-10,3023393.36,2760209.97,263183.38999999966,0.08704900707991224,3024089.8242857144,4520282.5479999995,3970999.6133333337,549282.9346666666
2020-04-11,3732689.24,3332780.74,399908.5,0.10713683199622585,3186438.3099999996,4491760.072,3955700.6233333335,536059.4486666665
2020-04-12,2907846.49,2591717.12,316129.3700000001,0.10871597626874728,3277480.7585714287,4487961.271333333,3963108.4646666665,524852.8066666665
2020-04-13,3947462.22,3605060.08,342402.14000000013,0.08673981432050289,3530759.12,4520421.643333334,4003229.7513333336,517191.89199999993
2020-04-14,3808658.46,3373247.72,435410.73999999976,0.1143212878163929,3650480.3642857145,4540000.459333333,4027682.078333333,512318.38099999994
2020-04-15,4628778.3,3891917.12,736861.1799999997,0.15919128812023678,3705259.96,4566760.989000001,4052134.981666667,514626.00733333325
2020-04-16,4375989.59,3596667.75,779321.8399999999,0.17809042365660652,3774973.951428571,4601391.058,4085559.9420000003,515831.11599999986
2020-04-17,4558971.27,3709799.59,849171.6799999997,0.1862638805354875,3994342.2242857143,4607976.266666667,4088002.9483333332,519973.31833333324
2020-04-18,3884483.75,3074401.15,810082.6000000001,0.208543181574643,4016027.154285714,4597707.170666667,4076874.5993333333,520832.5713333332
2020-04-19,5420905.61,4354985.3,1065920.3100000005,0.1966314093412153,4375035.6,4621239.9043333335,4087834.525333333,533405.379
2020-04-20,3709374.1,2922517.52,786856.5800000001,0.21212650942917838,4341023.011428571,4618664.898666666,4073098.94,545565.9586666666
2020-04-21,3772726.0,2994859.61,777866.3900000001,0.20618152232629672,4335889.802857143,4622415.182333333,4062650.0783333336,559765.1039999999
2020-04-22,5657450.97,4439369.34,1218081.63,0.21530573335220612,4482843.041428572,4657668.655,4070041.173,587627.482
2020-04-23,5173024.12,4119922.93,1053101.19,0.2035755421917499,4596705.117142857,4704200.749333334,4090988.5926666665,613212.1566666666
2020-04-24,3753095.45,2970279.3,782816.1500000004,0.20857880126656528,4481580.0,4646866.604333333,4026201.0536666666,620665.5506666665
2020-04-25,3664845.35,2858437.84,806407.5100000002,0.2200386190920717,4450203.085714285,4603158.9536666665,3971948.4246666664,631210.5289999999
2020-04-26,4605371.55,3664887.11,940484.44,0.20421467188678838,4333698.22,4580249.687,3935092.8923333334,645156.7946666667
2020-04-27,5455531.12,4305091.4,1150439.7199999997,0.21087584227729594,4583149.222857143,4625197.119333333,3957714.558,667482.5613333334
2020-04-28,5014129.21,3953650.56,1060478.65,0.2114980698712389,4760492.538571429,4630553.956333334,3949346.470333333,681207.4859999999
2020-04-29,10020939.03,8067774.24,1953164.789999999,0.19490835980068819,5383847.975714286,4675880.112333333,3960786.997,715093.1153333333
2020-04-30,7581421.63,6073119.3,1508302.33,0.19894716368650245,5727904.762857144,4665355.025,3926373.378333333,738981.6466666667
2020-05-01,6232298.35,4980016.59,1252281.7599999998,0.20093418024507761,6082076.605714285,4581237.988,3827121.6396666667,754116.3483333333
2020-05-02,4883269.9,3978529.52,904740.3800000004,0.18527347423495888,6256137.255714285,4491423.345333334,3737027.94,754395.4053333333
2020-05-03,4614868.43,3622251.36,992617.0699999998,0.21509108765642532,6257493.952857143,4419091.963666666,3657624.838,761467.1256666665
2020-05-04,1696650.37,1285985.68,410664.6900000002,0.24204438183690147,5720510.988571429,4389105.314666667,3619770.587666667,769334.727
2020-05-05,2127409.75,1664266.24,463143.51,0.21770301184339313,5308122.494285715,4384333.994666667,3604735.354333333,779598.6403333334
2020-05-06,2719040.36,2101438.95,617601.4099999997,0.2271394787240303,4264994.112857142,4402484.883666666,3608576.293666667,793908.59
2020-05-07,3735794.57,3081283.21,654511.3599999999,0.1752000405097221,3715618.818571429,4427991.044333333,3621743.362333333,806247.682
2020-05-08,3885246.63,3057670.15,827576.48,0.21300487686157518,3380325.7157142856,4415988.561,3595310.325,820678.236
2020-05-09,2045722.89,1564919.31,480803.57999999984,0.23502869442889202,2974961.8571428573,4354579.602333333,3533235.2233333336,821344.379
2020-05-10,3584812.06,2817308.7,767503.3599999999,0.21409863255146488,2827810.9471428576,4373293.558999999,3535138.5143333334,838155.0446666667
2020-05-11,2782658.98,2126531.87,656127.1099999999,0.23579141918425084,2982955.034285714,4341625.883666667,3494930.2186666667,846695.6649999999
2020-05-12,3333481.33,2554876.05,778605.2800000003,0.23357121367168426,3155250.9742857143,4355813.711666667,3493702.1829999997,862111.5286666666
2020-05-13,3150929.25,2367805.02,783124.23,0.2485375480899801,3216949.387142857,4329262.6126666665,3452460.347666667,876802.265
2020-05-14,4015255.86,3222738.56,792517.2999999998,0.19737653779303616,3256872.4285714286,4336149.192666667,3447443.3756666672,888705.817
2020-05-15,5094966.3,4205637.32,889328.9799999995,0.17455051272861208,3429689.5242857146,4351688.792666667,3457900.7156666666,893788.0769999999
2020-05-16,3808061.0,3113947.78,694113.2200000002,0.1822747114607671,3681452.1114285714,4332757.839666666,3441810.05,890947.7896666668
2020-05-17,3532524.59,2826498.79,706025.7999999998,0.19986436952162867,3673982.472857143,4298542.950333334,3412366.6899999995,886176.2603333334
2020-05-18,3000875.02,2429735.03,571139.9900000002,0.19032448408997726,3705156.192857143,4269089.326,3390877.819333333,878211.5066666666
2020-05-19,3027466.21,2447172.14,580294.0699999998,0.19167648117202268,3661439.7471428574,4189308.012666667,3327284.047333333,862023.9653333332
2020-05-20,3689172.21,3019892.02,669280.19,0.18141744323721878,3738331.598571428,4188634.6163333333,3330529.864,858104.7523333334
2020-05-21,4498828.44,3647887.78,850940.6600000006,0.1891471682792155,3807413.395714286,4212838.0309999995,3352297.469666667,860540.5613333334
2020-05-22,5108046.04,3839020.41,1269025.63,0.2484366076700436,3809281.9299999997,4194524.533333333,3332285.8386666668,862238.6946666667
2020-05-23,4015420.66,3313265.28,702155.3800000004,0.1748647126799413,3838904.738571428,4155937.7513333336,3305397.2503333334,850540.5009999999
2020-05-24,4700650.04,3764671.03,935979.0100000002,0.19911693107023987,4005779.8028571424,4187522.904333333,3331876.974666667,855645.9296666667
2020-05-25,4378883.27,3340216.53,1038666.7399999998,0.23719900165322286,4202638.124285714,4211324.168333333,3347936.2643333334,863387.9039999999
2020-05-26,3938416.11,3225312.26,713103.8500000001,0.1810636129050366,4332773.824285714,4189092.320333333,3333283.7693333332,855808.5509999999
2020-05-27,4400378.84,3586763.01,813615.8300000001,0.18489676902455066,4434374.771428571,4153920.577666666,3309339.4896666664,844581.0879999999
2020-05-28,7125254.26,5586999.34,1538254.92,0.21588772328245306,4809578.46,4224291.412666666,3363784.449,860506.9636666666
2020-05-29,8058075.78,6156826.89,1901248.8900000006,0.23594328744324622,5231011.28,4158862.6376666664,3300086.2039999994,858776.4336666667
2020-05-30,8571150.17,6917398.63,1653751.54,0.1929439465182069,5881829.781428571,4191853.589,3328228.8483333336,863624.7406666667
2020-05-31,7068160.11,5722407.19,1345752.92,0.1903964962672584,6220045.505714285,4219715.647666667,3352975.2016666667,866740.4460000001
2020-06-01,7434640.87,6007912.51,1426728.3600000003,0.19190279462685067,6656582.305714286,4304761.346666667,3420621.3013333334,884140.0453333333
2020-06-02,3295138.19,2630884.15,664254.04,0.20158609493703813,6564685.46,4260770.338666666,3387575.7276666667,873194.6109999999
2020-06-03,3497127.32,2854677.4,642449.9199999999,0.1837079011467046,6435649.528571429,4320786.237,3439865.4516666667,880920.7853333334
2020-06-04,2962471.81,2212520.77,749951.04,0.25315043926105746,5840966.32142857,4348621.639,3458140.6026666667,890481.0363333334
2020-06-05,2452274.28,2042840.96,409433.31999999983,0.16696065498839707,5040137.535714285,4339729.436333333,3456187.336333333,883542.1
2020-06-06,2258600.23,1840555.75,418044.48,0.18509007235866615,4138344.687142857,4290489.625,3414829.754333333,875659.8706666667
2020-06-07,2693731.83,2065838.19,627893.6400000001,0.23309433886742917,3513426.3614285714,4250772.465,3381768.6890000002,869003.7760000001
2020-06-08,3084455.23,2459766.38,624688.8500000001,0.20252809764400442,2891971.27,4285396.876333334,3411596.9246666664,873799.9516666667
2020-06-09,3331413.85,2608681.96,722731.8900000001,0.216944493401803,2897153.5071428567,4276950.269333334,3404642.6999999997,872307.5693333334
2020-06-10,3810023.86,3037801.06,772222.7999999998,0.20268188031767334,2941853.0128571424,4311195.765333333,3435018.3396666665,876177.4256666668
2020-06-11,4027121.39,3106482.9,920638.4900000002,0.2286095701724055,3093945.8099999996,4334317.100666666,3453405.234666667,880911.866
2020-06-12,2833219.35,2245340.12,587879.23,0.20749513446602713,3148366.5342857144,4323726.770666667,3449323.071333333,874403.6993333333
2020-06-13,2840132.87,2324352.25,515780.6200000001,0.18160439796607125,3231442.625714286,4284556.004333333,3419376.8609999996,865179.1433333333
2020-06-14,3797554.63,3078986.36,718568.27,0.18921867886335056,3389131.597142857,4241308.948666667,3381821.8290000004,859487.1196666668
2020-06-15,3921468.12,3112876.56,808591.56,0.20619613248315788,3508704.867142857,4245089.186,3381786.1216666666,863303.0643333333
2020-06-16,3620819.64,2950472.85,670346.79,0.1851367526276454,3550048.551428572,4248032.354333333,3385918.5903333337,862113.7640000001
2020-06-17,4864660.1,3741174.91,1123485.1899999995,0.2309483431329559,3700710.871428571,4310158.523666667,3429633.253,880525.2706666667
2020-06-18,4188150.34,3329563.04,858587.2999999998,0.205003934982907,3723715.007142857,4348847.994666667,3459046.2830000003,889801.7116666667
2020-06-19,2960897.79,2329260.25,631637.54,0.21332635734109553,3741954.784285714,4324572.1806666665,3436025.224,888546.9566666667
2020-06-20,2189006.74,1795056.75,393949.9900000002,0.1799674632340329,3648936.7657142854,4247578.124,3374264.1896666666,873313.9343333334
2020-06-21,3477329.48,2740967.86,736361.6200000001,0.21176066985749079,3603190.3157142857,4193220.905333333,3337662.438,855558.4673333333
2020-06-22,3068801.79,2472668.81,596132.98,0.19425594117631168,3481380.84,4161666.9429999995,3309642.555666666,852024.3873333334
2020-06-23,3277142.11,2715748.0,561394.1099999999,0.1713060011303568,3432284.05,4114216.678666667,3274678.454666666,839538.2239999999
2020-06-24,4983800.13,4272479.54,711320.5899999999,0.14272654830561993,3449304.054285714,4134380.574,3305753.888333333,828626.6856666667
2020-06-25,4480875.32,3949301.47,531573.8500000001,0.11863169850483589,3491121.9085714286,4152462.5476666666,3329886.862,822575.6856666667
2020-06-26,3538964.96,3128909.95,410055.0099999998,0.11586862674107963,3573702.932857143,4123748.751666667,3314625.0933333333,809123.6583333334
2020-06-27,2952009.99,2893474.01,58535.98000000045,0.0198291944127196,3682703.3971428573,3984640.6093333336,3224840.9156666673,759799.6936666667
2020-06-28,4033143.22,4037949.63,-4806.409999999683,-0.0011917280735693,3762105.36,3850476.1906666667,3154211.6736666667,696264.5170000001
2020-06-29,5223388.62,5021085.51,202303.11000000034,0.03873024289737805,4069903.478571429,3738884.139,3091001.2363333334,647882.9026666668
2020-06-30,5506677.04,5509880.9,-3203.8600000003353,-0.0005818136739684911,4388408.468571429,3686834.703333333,3083917.0266666664,602917.6766666666
2020-07-01,4785799.65,4637675.06,148124.59000000078,0.030950854785573977,4360122.685714286,3598539.996,3038242.445,560297.5510000001
2020-07-02,4866951.38,4707883.99,159067.38999999966,0.032683168082110504,4415276.408571429,3650933.769,3107475.773,543457.996
2020-07-03,3696972.88,3771036.88,-74064.0,-0.020033687669356124,4437848.968571429,3657595.287666667,3138021.089,519574.1986666667
2020-07-04,706367.78,665027.87,41339.91000000003,0.058524625797626316,4117042.938571428,3582391.8200000003,3086437.992333333,495953.82766666665
2020-07-05,1406074.5,1343687.36,62387.1399999999,0.044369725786222496,3741747.4071428566,3547518.4940000004,3063132.8723333334,484385.6216666667
2020-07-06,2077312.99,1986626.45,90686.54000000004,0.04365569388751574,3292308.0314285713,3541475.586,3068001.895666667,473473.6903333334
2020-07-07,2024009.16,2068227.77,-44218.6100000001,-0.021847040455093645,2794784.0485714287,3519151.497,3068081.548333333,451069.9486666667
2020-07-08,1848400.71,1796794.0,51606.70999999996,0.02791965493239827,2375155.628571429,3477949.679666667,3045982.4689999996,431967.21066666674
2020-07-09,2881762.16,2884926.26,-3164.0999999996275,-0.0010979740257258523,2091557.1685714286,3462961.29,3055190.6123333336,407770.67766666674
2020-07-10,2456330.77,2270775.74,185555.0299999998,0.07554154850244367,1914322.5814285714,3417838.187,3029623.1016666666,388215.08533333335
2020-07-11,2777782.43,2617463.18,160319.25,0.05771483333919712,2210238.96,3376193.555,3013322.444333333,362871.1106666667
2020-07-12,2353469.99,2352864.85,605.1400000001304,0.0002571267118643524,2345581.172857143,3360201.9096666668,3016906.602,343295.30766666675
2020-07-13,2674159.75,2528820.54,145339.20999999996,0.0543494867873918,2430844.9957142854,3354669.4723333335,3023722.211666667,330947.26066666667
2020-07-14,2241406.69,2199143.63,42263.060000000056,0.01885559643796729,2461901.785714286,3302797.8743333328,2994394.1206666664,308403.7536666667
2020-07-15,2628917.79,2573366.47,55551.31999999983,0.02113086997672903,2573404.225714286,3259712.8633333337,2976410.451,283302.41233333334
2020-07-16,3496916.1,3417273.9,79642.20000000019,0.022774981647400744,2661283.36,3255582.7453333335,2991970.486,263612.25933333335
2020-07-17,2963494.21,2910103.21,53391.0,0.018016232263872046,2733735.2800000003,3192210.549,2964268.096,227942.45300000004
2020-07-18,2167217.41,2102740.45,64476.95999999996,0.029751034530495008,2646511.705714286,3124846.1180000002,2923374.0096666664,201472.10833333337
2020-07-19,2598183.41,2439859.2,158324.20999999996,0.060936502554298104,2681470.7657142854,3112755.6386666666,2927060.641333333,185694.99733333336
2020-07-20,2378509.49,2153084.64,225424.8500000001,0.09477567819163928,2639235.0142857144,3119072.397,2938994.904333333,180077.49266666672
2020-07-21,3060145.15,2555988.41,504156.73999999976,0.16474928975182754,2756197.6514285714,3105166.2526666666,2932828.9226666666,172337.33000000002
2020-07-22,3102912.51,2421357.03,681555.48,0.21965024079908718,2823911.182857143,3106303.276666667,2931118.5300000003,175184.7466666667
2020-07-23,3882974.91,3066175.92,816798.9900000002,0.21035391907798864,2879062.4414285715,3126497.703333333,2942799.4606666667,183698.24266666672
2020-07-24,3897982.79,3118044.81,779937.98,0.20008758940672491,3012560.81,3090303.7920000004,2904318.3030000003,185985.48900000003
2020-07-25,2726776.18,2185291.86,541484.3200000003,0.19858040567157964,3092497.7771428567,3031833.8206666666,2845517.9826666666,186315.83800000005
2020-07-26,2852671.37,2228931.73,623739.6400000001,0.21865106740283236,3128853.2,3008957.367666667,2815518.708666667,193438.65900000007
2020-07-27,2831486.13,2289596.5,541889.6299999999,0.19137993446572168,3193564.1485714284,3004939.9056666666,2795389.4583333335,209550.4473333334
2020-07-28,2395619.59,1857411.18,538208.4099999999,0.22466355353188608,3098631.9257142856,2950355.7846666668,2722704.8433333333,227650.94133333335
2020-07-29,3158908.2,2317187.54,841720.6600000001,0.26645936086398464,3106631.31,2881539.770666667,2632574.911,248964.85966666666
2020-07-30,4151632.35,3350026.58,801605.77,0.193082070477652,3145010.944285714,2836371.6143333334,2560579.767,275791.84733333334
2020-07-31,5610491.95,4496247.74,1114244.21,0.198600090674758,3389655.1100000003,2863861.3576666666,2555865.523,307995.83466666663
2020-08-01,6132541.37,4909626.33,1222915.04,0.19941407097266758,3876192.9942857143,2906047.690666667,2562590.267666667,343457.42300000007
2020-08-02,5345584.67,4186394.94,1159189.73,0.21684994281458084,4232323.465714286,2961001.417,2576435.536333333,384565.8806666667
2020-08-03,4397713.48,3443554.44,954159.0400000005,0.2169670771730223,4456070.23,3084046.2736666664,2669053.088666667,414993.185
2020-08-04,3298352.62,2591360.98,706991.6400000001,0.21434689417773656,4585032.091428571,3147122.211,2710642.209333333,436480.0016666667
2020-08-05,2223462.81,1734678.05,488784.76,0.21983041848134172,4451397.035714285,3151993.871666667,2702243.929333334,449749.94233333337
2020-08-06,2991469.99,2308279.85,683190.1400000001,0.22837940620624447,4285659.555714286,3184242.566,2710245.6653333334,473996.90066666674
2020-08-07,3277756.91,2547914.06,729842.8500000001,0.22266533792464802,3952411.6928571425,3231887.772666666,2735283.0006666672,496604.772
2020-08-08,2449651.51,2088845.7,360805.8099999998,0.1472886280057035,3426284.5700000003,3217484.084333333,2708746.9820000003,508737.10233333334
2020-08-09,2935305.67,2352528.07,582777.6000000001,0.19854068554298132,3081958.9985714285,3233449.9143333337,2711472.0596666667,521977.8546666667
2020-08-10,2914723.92,2318822.04,595901.8799999999,0.20444539392259145,2870103.347142857,3238014.6306666667,2701517.355,536497.2756666667
2020-08-11,2533038.45,2110648.66,422389.79000000004,0.16675222202015924,2760772.7514285715,3244000.2460000003,2693443.4820000003,550556.764
2020-08-12,4245177.97,3574622.62,670555.3499999996,0.15795694662007295,3049589.2028571432,3296367.5200000005,2728303.5513333334,568063.9686666668
2020-08-13,3438121.83,2662240.38,775881.4500000002,0.22567014444627756,3113396.608571429,3336258.024666667,2743740.109666667,592517.9150000002
2020-08-14,3685522.51,2879232.79,806289.7199999997,0.21877215993452168,3171648.8371428573,3371478.1819999996,2753935.6536666667,617542.5283333334
2020-08-15,2556409.43,2072000.19,484409.2400000002,0.18948812905920168,3186899.9685714287,3340127.959666667,2709093.196666667,631034.763
2020-08-16,2596444.46,2077063.06,519381.3999999999,0.20003562872282657,3138491.2242857143,3327892.968,2681325.191666667,646567.7763333333
2020-08-17,3646382.12,2892437.08,753945.04,0.20676523062810542,3243013.8242857144,3377198.4583333335,2707648.412666667,669550.0456666667
2020-08-18,3240488.83,2493505.46,746983.3700000001,0.23051564414742948,3344078.1642857147,3398608.639,2709436.621333333,689172.0176666667
2020-08-19,3279887.27,2543910.75,735976.52,0.2243907974312788,3206179.492857143,3428654.565,2722464.158333333,706190.4066666666
2020-08-20,3569013.59,2909846.44,659167.1499999999,0.18469168956008372,3224878.3157142857,3445616.8463333333,2734259.426,711357.4203333333
2020-08-21,3939388.46,3133654.06,805734.3999999999,0.2045328629510175,3261144.8800000004,3473499.378,2758002.6603333335,715496.7176666667
2020-08-22,2465099.71,2000862.66,464237.05000000005,0.18832384268951136,3248100.634285714,3426236.871333333,2722492.2183333333,703744.6530000002
2020-08-23,2832425.22,2280579.88,551845.3400000003,0.19483138905252378,3281812.171428572,3390718.2856666665,2694576.720666667,696141.5650000001
2020-08-24,3217603.07,2631929.43,585673.6399999997,0.182021718421595,3220558.021428571,3407079.1820000005,2709464.6396666667,697614.5423333334
2020-08-25,2428315.18,1917538.84,510776.3400000001,0.21034186344789066,3104533.214285714,3392933.9756666664,2699084.8766666665,693849.099
2020-08-26,3194953.82,2616197.98,578755.8399999999,0.18114685613828369,3092399.864285714,3405049.565333334,2709971.5926666665,695077.9726666667
2020-08-27,4445347.68,3675387.97,769959.7099999995,0.17320573449498994,3217590.4485714287,3473373.835,2770570.819,702803.0160000001
2020-08-28,7296538.72,5928088.7,1368450.0199999996,0.1875478322686129,3697183.3428571424,3611294.852333333,2890934.1909999996,720360.6613333334
2020-08-29,7517051.79,6089417.86,1427633.9299999997,0.18991939524737525,4418890.782857143,3723475.5003333334,2982247.233666667,741228.2666666667
2020-08-30,8480394.59,6775599.46,1704795.13,0.20102780736291187,5225743.549999999,3819138.921666667,3058225.6243333337,760913.2973333334
2020-08-31,7490849.71,6294569.34,1196280.37,0.15969888815190234,5836207.355714285,3864415.8663333333,3104390.3913333337,760025.475
2020-09-01,6047477.92,5072223.86,975254.0599999996,0.16126624568147238,6353230.604285714,3887812.308,3133918.0220000003,753894.286
2020-09-02,1434923.77,1282633.72,152290.05000000005,0.10613110827483194,6101797.74,3789052.651,3061887.331333333,727165.3196666666
2020-09-03,1557705.54,1435356.63,122348.91000000015,0.07854431203987382,5689277.434285714,3731031.0816666665,3023353.853,707677.2286666665
2020-09-04,1425115.38,1249060.77,176054.60999999987,0.12353709213355053,4850502.6714285705,3704419.5006666663,3007166.610333333,697252.8903333333
2020-09-05,1581867.47,1449235.72,132631.75,0.0838450455018207,4002619.197142857,3657432.75,2978531.8060000003,678900.9439999999
2020-09-06,2654105.11,2377874.42,276230.68999999994,0.10407677109668048,3170292.1285714284,3636644.356666667,2972863.8179999995,663780.5386666666
2020-09-07,2479133.84,2159138.36,319995.48,0.12907551614881752,2454332.718571428,3637627.1010000003,2975206.9066666663,662420.1943333333
2020-09-08,2542645.13,2183405.0,359240.1299999999,0.1412859882652991,1953642.32,3624538.416333333,2969569.471,654968.9453333332
2020-09-09,1979410.07,1799215.01,180195.06000000006,0.09103472935246816,2031426.077142857,3593361.288,2952249.2366666663,641112.0513333332
2020-09-10,3146008.14,2761931.92,384076.2200000002,0.12208367013316125,2258326.4485714287,3613793.611,2973958.6786666666,639834.9323333333
2020-09-11,1990335.39,1821328.74,169006.6499999999,0.0849136536732133,2339072.1642857143,3538632.191666667,2915515.549333333,623116.6423333331
2020-09-12,2806228.3,2605429.08,200799.21999999974,0.07155484106549698,2513980.854285714,3517569.074,2913621.8393333335,603947.2346666666
2020-09-13,2240095.92,1957201.32,282894.59999999986,0.1262868243606282,2454836.6842857143,3469388.187666667,2882887.4570000004,586500.7306666666
2020-09-14,2832905.03,2603630.98,229274.0499999998,0.08093248717201079,2505375.4257142856,3478604.7076666662,2900608.4833333334,577996.2243333332
2020-09-15,2914536.51,2476205.19,438331.31999999983,0.15039486329852148,2558502.7657142854,3489207.776,2913913.2210000004,575294.5549999999
2020-09-16,1994638.41,1821831.75,172806.65999999992,0.08663558223567946,2560678.242857143,3434149.652333333,2878226.3766666665,555923.2756666666
2020-09-17,1827659.24,1626961.14,200698.1000000001,0.1098115532740119,2372342.6857142854,3387055.3326666667,2849341.566,537713.7666666666
2020-09-18,2600220.08,2233677.06,366543.02,0.14096615237276378,2459469.07,3364399.759666667,2839000.4430000004,525399.3166666667
2020-09-19,1806587.98,1582702.76,223885.21999999997,0.12392710594697966,2316663.3099999996,3305652.2393333334,2794762.320333333,510889.9189999999
2020-09-20,2334885.81,2132834.58,202051.22999999998,0.08653580793315112,2330204.722857143,3252168.817666666,2761401.6709999996,490767.14666666655
2020-09-21,3082015.84,2723671.97,358343.86999999965,0.1162693148261041,2365791.9814285715,3272732.6886666664,2785495.3146666666,487237.37399999995
2020-09-22,2827707.7,2426080.5,401627.2000000002,0.14203278507180928,2353387.8657142855,3272575.438,2790345.335333333,482230.10266666656
2020-09-23,2254030.17,2095482.45,158547.71999999997,0.07033966186885598,2390443.8314285716,3240456.341333333,2772463.7693333332,467992.5719999999
2020-09-24,2021614.99,1879290.21,142324.78000000003,0.07040152586126205,2418151.7957142857,3226899.6683333335,2771188.815,455710.8533333333
2020-09-25,2587034.31,2341681.4,245352.91000000015,0.09483944957807697,2416268.114285714,3206635.684666666,2762038.262333333,444597.4223333333
2020-09-26,2219447.23,2025784.18,193663.05000000005,0.08725733479142013,2475248.007142857,3132439.003,2707051.4693333334,425387.5336666666
2020-09-27,3907778.93,3495826.9,411952.03000000026,0.10541845825449503,2699947.0242857146,3019480.3433333333,2625976.0759999994,393504.26733333326
2020-09-28,4681424.38,4163962.01,517462.3700000001,0.1105352405585584,2928433.958571429,2924959.429666667,2561794.214333333,363165.21533333336
2020-09-29,3862957.51,3418321.41,444636.0999999996,0.11510250859580375,3076326.7885714285,2771044.8603333333,2449884.946,321159.9143333333
2020-09-30,3185317.6,2835582.57,349735.03000000026,0.109795968226214,3209367.85,2627527.1233333335,2334585.387,292941.73633333325
2020-10-01,2053948.94,1801442.13,252506.81000000006,0.12293723815743933,3213986.9857142856,2494409.4906666665,2225559.3293333333,268850.16133333335
2020-10-02,844947.12,672777.16,172169.95999999996,0.20376418349115144,2965117.3871428566,2474743.602333333,2205230.777333333,269512.825
2020-10-03,1819620.17,1400911.62,418708.5499999998,0.23010766582126854,2907999.235714286,2483474.0899999994,2204082.6103333333,279391.47966666665
2020-10-04,1305849.84,1031248.84,274601.0000000001,0.21028528058019297,2536295.0799999996,2479498.5719999997,2196822.2126666666,282676.3593333333
2020-10-05,1476045.28,1106750.78,369294.5,0.2501918504830692,2078383.78,2475971.165666667,2185406.048,290565.1176666666
2020-10-06,2225510.95,1785750.97,439759.9800000002,0.1975995579801574,1844462.8428571427,2461684.6936666667,2165668.5996666667,296016.094
2020-10-07,2084609.48,1633404.7,451204.78,0.21644571049345895,1687218.8257142857,2448533.881666667,2148144.1443333332,300389.7373333333
2020-10-08,1798621.9,1415449.28,383172.6199999999,0.21303678110446664,1650743.5342857144,2423733.107333333,2122545.6203333335,301187.487
2020-10-09,1682037.65,1404182.57,277855.07999999984,0.1651895723023797,1770327.895714286,2413820.6933333334,2109377.8723333334,304442.82099999994
2020-10-10,2023437.43,1582185.76,441251.6699999999,0.21807033094173806,1799444.6471428573,2376401.669666666,2070053.0003333332,306348.66933333327
2020-10-11,1446988.51,1177371.98,269616.53,0.1863294201278765,1819607.3142857142,2358290.107,2048587.775,309702.332
2020-10-12,1856496.7,1470316.91,386179.79000000004,0.20801533878298845,1873957.517142857,2326632.387,2010750.7026666666,315881.68433333334
2020-10-13,3071390.97,2435896.58,635494.3900000001,0.20690768326378198,1994797.5199999998,2354342.222,2026707.2113333333,327635.01066666667
2020-10-14,2627129.58,2030216.9,596912.6800000002,0.22721097754150374,2072300.3914285714,2347483.0403333334,2007593.4086666668,339889.63166666665
2020-10-15,1826480.99,1499468.55,327012.43999999994,0.1790396077431936,2076280.2614285715,2311214.523,1975035.5206666666,336179.00233333337
2020-10-16,2213689.11,1814772.4,398916.70999999996,0.18020448679896156,2152230.4699999997,2318516.213,1974800.2089999998,343716.004
2020-10-17,2024181.52,1623856.95,400324.57000000007,0.1977710823088633,2152336.7685714285,2325066.955666667,1974696.736,350370.21966666664
2020-10-18,2416150.55,2000897.4,415253.1499999999,0.1718655942196979,2290788.4885714287,2318931.304666667,1966937.414,351993.8906666667
2020-10-19,1798941.77,1455468.16,343473.6100000001,0.19093092157174166,2282566.3557142857,2318676.431,1962696.2606666663,355980.1703333333
2020-10-20,2361849.87,1800189.76,561660.1100000001,0.23780517006358243,2181203.3414285714,2319575.2330000005,1951608.1,367967.13300000003
2020-10-21,2168284.88,1762213.02,406071.85999999987,0.18727790971821004,2115654.0985714286,2289117.5343333334,1919559.4683333333,369558.06600000005
2020-10-22,2384359.77,1939167.59,445192.17999999993,0.1867135092620691,2195351.067142857,2274339.27,1903329.038,371010.232
2020-10-23,1313373.58,984874.54,328499.04000000004,0.2501185077896877,2066734.5628571429,2242984.050333333,1866308.7743333331,376675.27599999995
2020-10-24,2435210.66,1935814.16,499396.50000000023,0.205073223521451,2125453.0114285713,2256770.572666667,1868192.906,388577.6666666667
2020-10-25,2045855.5,1595051.09,450804.4099999999,0.22035007360001715,2072553.7185714284,2238731.279,1843305.2289999998,395426.05
2020-10-26,2383306.02,1881515.76,501790.26,0.21054378069334126,2156034.325714286,2244193.2386666667,1838496.2816666665,405696.957
2020-10-27,3242319.66,2668015.76,574303.9000000004,0.17712747669056184,2281815.7242857143,2222011.263,1810902.577,411108.686
2020-10-28,4138715.4,3246854.44,891860.96,0.21549221770600607,2563305.7985714287,2203920.9636666668,1780332.3246666668,423588.639
2020-10-29,3361148.04,2777298.73,583849.31,0.1737053242082131,2702846.98,2187193.9813333335,1758964.9019999998,428229.07933333336
2020-10-30,2606337.42,2045887.36,560450.0599999998,0.21503357765549783,2887556.1,2167894.642,1732641.728333333,435252.91366666666
2020-10-31,3099623.67,2419274.6,680349.0699999998,0.21949408780969848,2982472.244285714,2202750.466333333,1753236.144,449514.3223333333
2020-11-01,2000351.9,1651707.88,348644.02,0.17429134343812208,2975971.73,2241263.959,1785867.168,455396.791
2020-11-02,1609265.54,1276568.22,332697.32000000007,0.20673860946528444,2865394.5185714285,2234252.138,1781722.388,452529.75
2020-11-03,1148970.3,951051.1,197919.20000000007,0.17225789039107456,2566344.61,2229022.82,1779049.13,449973.69000000006
2020-11-04,1475675.48,1140886.92,334788.56000000006,0.2268713985814822,2185910.3357142857,2229010.493333333,1780187.0013333333,448823.49199999997
2020-11-05,1340308.97,1063954.02,276354.94999999995,0.20618749570854544,1897219.0399999998,2199503.7606666666,1756127.103,443376.65766666667
2020-11-06,717152.89,537123.9,180028.99,0.25103292827837587,1627335.5357142857,2153921.874333333,1719584.4096666665,434337.4646666667
2020-11-07,1261006.58,1012158.51,248848.07000000007,0.19734081799953815,1364675.9514285715,2136001.3636666667,1706141.3839999998,429859.9796666667
2020-11-08,1462906.75,1152752.12,310154.6299999999,0.21201257701490536,1287898.072857143,2128697.0003333334,1697760.369,430936.6313333334
2020-11-09,1841341.67,1500031.86,341309.8099999998,0.18535930379504192,1321051.8057142857,2122627.1416666666,1695021.9056666668,427605.2360000001
2020-11-10,1423817.05,1131446.53,292370.52,0.20534275804605656,1360315.6271428573,2121854.759666667,1693491.0573333332,428363.7023333333
2020-11-11,1850484.56,1510899.02,339585.54000000004,0.1835116851772057,1413859.7814285716,2121654.355,1694843.7943333334,426810.56066666666
2020-11-12,1742209.81,1490266.12,251943.68999999994,0.14461156661722616,1471274.187142857,2077348.3163333335,1663322.779,414025.53733333334
2020-11-13,1874908.56,1475799.13,399109.43000000017,0.2128687438495668,1636667.8542857144,2052274.2823333333,1644842.1866666665,407432.0956666667
2020-11-14,1505407.33,1170919.18,334488.15000000014,0.22219112617181166,1671582.2471428572,2041571.827,1633890.541,407681.286
2020-11-15,1822943.34,1452200.16,370743.18000000017,0.20337614003954735,1723016.0457142857,2028546.968,1621804.7996666667,406742.16833333333
2020-11-16,1677772.33,1289405.39,388366.9400000002,0.23147773571876715,1699648.9971428572,2016999.995,1610656.4143333333,406343.5806666667
2020-11-17,1698265.63,1375791.27,322474.35999999987,0.18988452354182067,1738855.9371428571,1993070.497666667,1589819.5433333332,403250.95433333336
2020-11-18,1708292.62,1460231.18,248061.44000000018,0.14521015726216752,1718542.8028571426,1990048.8593333333,1589978.3106666666,400070.54866666667
2020-11-19,1389140.38,1147069.41,242070.96999999997,0.17425954459692547,1668104.312857143,1957625.2096666668,1568207.6323333334,389417.5773333334
2020-11-20,1761075.99,1653768.63,107307.3600000001,0.060932839133193854,1651842.5171428572,1944051.5799999998,1564592.8193333333,379458.76066666667
2020-11-21,1277317.49,1191035.2,86282.29000000004,0.06754960350539006,1619258.2542857144,1907150.1706666665,1539655.0729999999,367495.09766666667
2020-11-22,1402812.95,1422457.39,-19644.439999999944,-0.01400360611156316,1559239.6271428573,1910131.483,1554241.168,355890.31500000006
2020-11-23,1254495.47,1331674.56,-77179.09000000008,-0.0615220156992676,1498771.5042857144,1870774.31,1534103.1813333335,336671.1286666667
2020-11-24,1234768.03,1251831.61,-17063.580000000075,-0.013819259638589829,1432557.5614285714,1843738.0610000002,1522662.5320000001,321075.52900000004
2020-11-25,1016787.85,1011073.66,5714.189999999944,0.0056198448870134945,1333771.1657142858,1798187.4553333332,1493647.7953333333,304539.66000000003
2020-11-26,1003033.14,1066907.31,-63874.17000000004,-0.06368101656142691,1278612.9885714285,1723544.5713333334,1440277.5136666666,283267.0576666667
2020-11-27,2064673.72,2076697.24,-12023.520000000019,-0.005823447978017572,1321984.092857143,1654409.8486666665,1401272.2736666666,253137.575
2020-11-28,2102733.52,2118368.35,-15634.830000000075,-0.007435478557454144,1439900.6685714286,1612462.6979999999,1379307.9276666667,233154.77033333335
2020-11-29,1696662.48,1642786.66,53875.820000000065,0.03175399977018415,1481879.172857143,1582140.2,1365871.2376666667,216268.96233333333
2020-11-30,1376299.12,1423882.94,-47583.81999999983,-0.034573748764730614,1499279.6942857143,1524696.0483333333,1332691.5156666667,192004.5326666667
2020-12-01,1160032.88,1083886.83,76146.04999999981,0.06564128596079088,1488603.2442857143,1496685.4143333333,1313764.1473333335,182921.267
2020-12-02,370653.23,366277.85,4375.380000000005,0.011804510647323928,1396298.2985714285,1455398.3373333334,1283421.135,171977.20233333335
2020-12-03,528608.48,509665.44,18943.03999999998,0.03583567180004373,1328523.347142857,1434719.6099999999,1268708.2796666666,166011.33033333335
2020-12-04,645703.05,632473.93,13229.119999999995,0.020487931720316318,1125813.2514285713,1407053.8623333336,1251761.1800000002,155292.68233333333
2020-12-05,653591.96,700683.81,-47091.85000000009,-0.0720508404050749,918793.0285714286,1384163.2953333335,1239652.173,144511.12233333333
2020-12-06,755648.75,731905.7,23743.050000000047,0.03142074938918386,784362.4957142858,1385446.4906666668,1246144.8996666668,139301.59100000001
2020-12-07,832522.38,856716.78,-24194.400000000023,-0.02906156108379936,706680.1042857142,1371163.684,1240963.508666667,130200.17533333335
2020-12-08,1297656.34,1226584.15,71072.19000000018,0.05476965496118963,726340.5985714284,1365655.337,1243424.5763333333,122230.76066666668
2020-12-09,1154833.63,1135523.17,19310.459999999963,0.016721421595593786,838366.37,1342771.7356666666,1231274.2866666666,111497.44900000002
2020-12-10,696601.42,694712.49,1888.9300000000512,0.002711636734820396,862365.3614285715,1318531.2146666667,1216716.4853333333,101814.72933333335
2020-12-11,708701.4,714731.83,-6030.429999999935,-0.008509126692849676,871365.1257142856,1280471.7759999998,1190177.5790000001,90294.19700000003
2020-12-12,1122552.93,1114505.97,8046.959999999963,0.007168445945796038,938359.5499999999,1259816.5466666666,1177652.2406666665,82164.30600000003
2020-12-13,937152.62,894184.44,42968.18000000005,0.04584971442538362,964288.6742857143,1228558.0153333333,1158265.0843333334,70292.93100000003
2020-12-14,1601200.69,1536265.51,64935.179999999935,0.04055405447021131,1074099.8614285714,1231751.1273333333,1170443.2953333333,61307.83200000002
2020-12-15,1355809.66,1345601.61,10208.049999999814,0.007529117324624914,1082407.4785714285,1216180.0046666667,1166890.0103333334,49289.994333333336
2020-12-16,1368150.26,1378715.06,-10564.800000000047,-0.007721958843906551,1112881.2828571429,1205859.269,1169866.9993333332,35992.26966666666
2020-12-17,1104685.57,1105268.19,-582.6199999998789,-0.0005274079935704047,1171179.0185714285,1186073.267,1160849.5633333335,25223.70366666667
2020-12-18,1251306.12,1173503.24,77802.88000000012,0.062177335151209934,1248693.9785714285,1170840.3836666667,1151291.9653333335,19548.418333333335
2020-12-19,1648432.09,1604918.15,43513.94000000018,0.026397168718063583,1323819.5728571431,1179483.4406666667,1166553.5899999999,12929.850666666673
2020-12-20,1777867.4,1748875.07,28992.32999999984,0.016307363530035954,1443921.6842857145,1180043.1543333335,1169723.8046666668,10319.349666666665
2020-12-21,2040125.86,2025685.77,14440.090000000084,0.007078038802958992,1506625.28,1205470.1,1197545.4903333331,7924.609666666666
2020-12-22,2050706.5,1957791.36,92915.1399999999,0.04530884356196262,1605896.2571428572,1227066.5516666665,1215389.9560000002,11676.59566666666
2020-12-23,1964805.24,2036033.68,-71228.43999999994,-0.0362521630897116,1691132.6828571428,1250743.544,1238868.5933333335,11874.950666666666
2020-12-24,1223063.47,1196024.1,27039.36999999988,0.02210790417933084,1708043.8114285716,1250353.392,1237008.3429999999,13345.048999999997
2020-12-25,1200258.49,1181002.97,19255.52000000002,0.016042810911506254,1700751.2928571429,1256469.0800000003,1242672.6533333333,13796.426666666666
2020-12-26,1099988.0,1121806.33,-21818.330000000075,-0.01983506183703829,1622402.1371428573,1259700.9086666668,1244502.620666667,15198.287999999999
2020-12-27,1517374.4,1548752.98,-31378.580000000075,-0.02067952378793268,1585188.8514285714,1241457.5980000002,1226904.4786666667,14553.11933333333
2020-12-28,3627797.75,3660309.96,-32512.209999999963,-0.008961968731581015,1811999.1214285714,1292293.0723333333,1278302.5323333333,13990.54
2020-12-29,2940732.69,2915164.04,25568.649999999907,0.00869465289618007,1939145.72,1333762.0793333335,1320715.1116666668,13046.967666666662
2020-12-30,2881135.64,2881761.18,-625.5400000000373,-0.0002171157759167622,2070050.0628571429,1383923.2966666666,1369311.0529999998,14612.243666666654
2020-12-31,2153864.87,2157011.11,-3146.239999999758,-0.0014607415923914287,2203021.6914285715,1417051.0296666666,1405081.8623333334,11969.167333333337
2021-01-01,1553431.51,1547553.58,5877.929999999935,0.0037838359542481117,2253474.98,1456476.9723333335,1444457.72,12019.252333333334
2021-01-02,378420.41,311258.46,67161.94999999995,0.17747972420409341,2150393.895714286,1451470.7033333334,1437844.154,13626.549333333332
2021-01-03,677894.56,516308.19,161586.37000000005,0.23836504898342897,2030468.2042857143,1452543.7536666666,1433971.9626666668,18571.791
2021-01-04,819877.04,631242.67,188634.37,0.23007641487313754,1629336.6742857143,1458086.5896666667,1431657.2580000001,26429.331666666672
2021-01-05,1174326.91,961163.6,213163.30999999994,0.1815195651098551,1376992.9914285715,1472042.528333333,1439299.188,32743.340333333334
2021-01-06,1114251.05,906466.26,207784.79000000004,0.18647933066789574,1124580.9071428573,1481433.4840000002,1440957.5040000002,40475.98
2021-01-07,837846.02,690390.14,147455.88,0.17599400901850676,936578.2142857143,1466106.4733333332,1423084.3703333333,43022.102999999996
2021-01-08,1023293.14,849565.94,173727.20000000007,0.1697726616246055,860844.1614285714,1461721.7903333334,1413552.4626666668,48169.32766666667
2021-01-09,853729.27,699954.28,153774.99,0.18012149214469358,928745.427142857,1466959.3853333334,1413727.189,53232.19633333333
2021-01-10,1180728.66,984866.85,195861.80999999994,0.16588215111167026,1000578.87,1482693.6273333333,1422731.6896666668,59961.93766666666
2021-01-11,1515387.6,1201417.37,313970.23,0.2071880685839055,1099937.5214285715,1495788.1163333333,1425628.7363333334,70159.37999999999
2021-01-12,1062807.64,869052.09,193755.54999999993,0.18230537936291083,1084006.1971428571,1499976.6169999999,1424790.991333333,75185.62566666664
2021-01-13,1070756.5,856031.34,214725.16000000003,0.20053593884323842,1077792.69,1482295.144,1402116.519,80178.625
2021-01-14,764427.24,629061.31,135365.92999999993,0.17708151007282255,1067304.2928571429,1462582.3966666667,1378231.8423333333,84350.55433333335
2021-01-15,977003.78,779003.57,198000.21000000008,0.2026606386313061,1060691.527142857,1449544.1806666667,1358241.4593333334,91302.72133333333
2021-01-16,1185774.61,916210.38,269564.2300000001,0.22733176079727332,1108126.5757142857,1452247.1486666666,1351939.5323333333,100307.61633333332
2021-01-17,1224098.2,966990.57,257107.63,0.21003840214780156,1114322.2242857143,1451340.2179999999,1345055.7766666666,106284.44133333332
2021-01-18,2502006.18,1916159.06,585847.1200000001,0.23415094842011944,1255267.7357142859,1479792.6876666665,1355430.4736666668,124362.21399999999
2021-01-19,2011018.39,1652010.17,359008.22,0.17852060517457524,1390726.4142857143,1487564.3873333333,1352201.6436666667,135362.74366666668
2021-01-20,1595354.2,1216527.62,378826.57999999984,0.23745609595662195,1465668.9428571428,1472738.6653333334,1325229.7053333335,147508.96
2021-01-21,1698207.91,1250048.47,448159.43999999994,0.2639013970910075,1599066.1814285715,1460988.7123333332,1301638.2756666664,159350.43666666665
2021-01-22,1620041.5,1267935.48,352106.02,0.21734382730318946,1690928.7128571428,1449496.5876666666,1276035.0023333333,173461.58533333332
2021-01-23,1744298.27,1412867.08,331431.18999999994,0.1900083235191192,1770717.807142857,1466871.081,1283263.1016666668,183607.97933333332
2021-01-24,1862707.42,1491339.57,371367.84999999986,0.19936993110812856,1861947.6957142856,1488952.712,1293607.655,195345.05699999997
2021-01-25,2346216.5,1913189.53,433026.97,0.18456394369402823,1839692.027142857,1530493.662,1319987.095,210506.56699999998
2021-01-26,2993616.58,2282478.29,711138.29,0.237551560460692,1980063.197142857,1579701.7346666667,1344444.6053333334,235257.12933333332
2021-01-27,2258351.94,1690062.59,568289.3499999999,0.2516389673081689,2074777.16,1534053.541,1278769.693,255283.84799999997
2021-01-28,2405871.45,1845885.39,559986.0600000003,0.23275809686340485,2175871.9514285713,1516224.833,1243127.0713333334,273097.76166666666
2021-01-29,2246568.53,1778946.6,467621.9299999997,0.20814941710235732,2265375.8128571426,1495072.5960000001,1206366.5853333334,288706.01066666667
2021-01-30,2167603.39,1754979.72,412623.67000000016,0.19035939503674615,2325847.972857143,1495530.5466666669,1192965.539,302565.0076666667
2021-01-31,1607178.02,1317474.79,289703.23,0.18025584371792241,2289343.772857143,1497322.0969999998,1185296.2459999998,312025.851
2021-02-01,1551374.11,1281321.59,270052.52,0.17407311251313842,2175794.86,1536420.5536666666,1217631.6836666665,318788.87
2021-02-02,958876.9,764858.08,194018.82000000007,0.20233965381791977,1885117.7628571428,1545786.6316666666,1225916.68,319869.9516666667
2021-02-03,1095535.11,933310.92,162224.19000000006,0.1480775819225,1719001.0728571431,1554975.234,1235985.6216666666,318989.6123333333
2021-02-04,1345207.17,1009834.12,335373.04999999993,0.24930959147355716,1567477.6042857144,1560671.2426666666,1237607.9723333335,323063.27033333335
2021-02-05,1749418.05,1399602.15,349815.90000000014,0.19996129570059035,1496456.107142857,1581843.476,1254045.8353333331,327797.6406666667
2021-02-06,1240787.91,940727.48,300060.42999999993,0.2418305558763866,1364053.8957142856,1595274.8723333334,1262390.4133333333,332884.459
2021-02-07,1814367.53,1394396.68,419970.8500000001,0.23146955787948878,1393652.397142857,1621644.0186666667,1280551.438,341092.5806666667
2021-02-08,1325809.68,1131072.08,194737.59999999986,0.14688201703279152,1361428.907142857,1637380.0323333333,1294922.0313333333,342458.001
2021-02-09,1448124.96,1194857.77,253267.18999999994,0.17489318739454635,1431321.4871428572,1646293.2423333335,1301921.7286666667,344371.51366666664
2021-02-10,1851743.73,1575581.32,276162.4099999999,0.1491364088485397,1539351.2899999998,1657505.1133333333,1314393.8603333335,343111.25299999997
2021-02-11,1689417.95,1396084.38,293333.57000000007,0.17362995935967182,1588524.2585714287,1678392.1236666667,1331961.6033333333,346430.5203333333
2021-02-12,1983824.96,1679342.84,304482.1199999999,0.15348235158811585,1622010.9599999997,1708827.739,1359405.32,349422.419
2021-02-13,1986462.63,1556559.62,429903.0099999998,0.21641635916402807,1728535.92,1749562.2519999999,1390321.9303333333,359240.3216666666
2021-02-14,2942830.48,2472928.79,469901.68999999994,0.15967677825601423,1889744.912857143,1815089.8086666665,1446786.1043333332,368303.70433333336
2021-02-15,3142099.08,2531323.24,610775.8399999999,0.1943846532045068,2149214.827142857,1880300.6243333332,1500623.1996666668,379677.42466666666
2021-02-16,1874868.49,1645455.89,229412.6000000001,0.12236196897202112,2210178.1885714284,1901992.9673333333,1523238.7103333334,378754.257
2021-02-17,2468895.03,1948858.13,520036.8999999999,0.21063548416637218,2298342.66,1900889.2623333335,1524328.6793333334,376560.583
2021-02-18,1729200.62,1374282.0,354918.6200000001,0.20525011146479932,2304025.8985714284,1891495.3366666667,1515071.0736666666,376424.263
2021-02-19,2485137.46,1894234.27,590903.19,0.23777485129534845,2375641.9699999997,1921154.7786666667,1537661.2953333333,383493.48333333334
2021-02-20,2510521.11,1978226.96,532294.1499999999,0.21202536313267645,2450507.467142857,1948231.8853333334,1561933.9116666666,386297.97366666666
2021-02-21,2673937.37,2158355.9,515581.4700000002,0.19281733214267474,2412094.165714286,1983361.7476666667,1591614.592333333,391747.15533333336
2021-02-22,3295922.4,2680528.93,615393.4699999997,0.1867135797857376,2434068.9257142856,2035082.5520000001,1633869.9873333334,401212.5646666666
2021-02-23,4952064.84,3886168.63,1065896.21,0.21524278143337072,2873668.404285714,2138061.1326666665,1713697.6226666667,424363.50999999995
2021-02-24,2880648.13,2377495.5,503152.6299999999,0.17466646646635037,2932490.2757142857,2155875.5203333334,1729174.4883333333,426701.032
2021-02-25,5675843.97,4598510.35,1077333.62,0.1898102952960492,3496296.4685714287,2245283.1,1806375.5569999998,438907.54299999995
2021-02-26,3813868.44,3118356.14,695512.2999999998,0.18236399890081154,3686115.18,2297133.65,1853985.342,443148.30799999996
2021-02-27,3241854.71,2733660.27,508194.43999999994,0.1567603996663996,3790591.4085714286,2324999.758666666,1883577.838,441421.92066666664
2021-02-28,2348995.75,1901704.24,447291.51,0.1904181861546578,3744171.177142857,2328413.9993333328,1887669.7593333335,440744.24
2021-03-01,1942260.67,1595206.21,347054.45999999996,0.1786858300539031,3550790.9299999997,2320902.575333333,1882343.9756666669,438558.5996666666
2021-03-02,679248.37,536287.19,142961.18000000005,0.21046966958492672,2940388.5771428575,2289971.587,1856304.389,433667.198
2021-03-03,1202803.22,982110.07,220693.15000000002,0.18348234052782136,2700696.447142857,2278352.5573333334,1846330.6716666666,432021.8856666666
2021-03-04,2188811.67,1718125.54,470686.1299999999,0.21504185876348142,2202548.975714286,2319350.383,1878106.2536666666,441244.1293333333
2021-03-05,1350969.16,1101818.84,249150.31999999983,0.1844233957198548,1850706.2214285715,2327864.851333333,1883723.1843333333,444141.667
2021-03-06,1702498.76,1385168.73,317330.03,0.1863907554329144,1630798.2285714285,2339774.571,1896234.338,443540.23299999995
2021-03-07,2475099.15,2022240.35,452858.7999999998,0.18296592279949667,1648813.0,2363963.9409999996,1916988.9446666667,446974.99633333326
2021-03-08,2765984.78,2054703.58,711281.1999999997,0.25715296958358524,1766487.8728571427,2414803.8366666664,1954121.4813333333,460682.35533333325
2021-03-09,2910840.37,2318282.64,592557.73,0.20356929775575427,2085286.73,2451352.9313333333,1984917.68,466435.2513333333
2021-03-10,2793536.43,2183321.72,610214.71,0.21843807134457163,2312534.3314285716,2500277.1563333333,2019992.668,480284.4883333333
2021-03-11,4291688.17,3434300.04,857388.1299999999,0.19977875745804707,2612945.2600000002,2595062.596666666,2094640.7436666666,500421.853
2021-03-12,4134860.06,3361961.81,772898.25,0.1869224686651185,3010643.96,2671166.474333333,2154186.76,516979.7143333333
2021-03-13,2417371.88,1968099.73,449272.1499999999,0.18585148347138047,3112768.6914285715,2695431.605333334,2173253.9383333335,522177.66699999996
2021-03-14,2889680.59,2334076.0,555604.5899999999,0.1922719735609256,3171994.611428571,2725626.7929999996,2195078.377,530548.4159999999
2021-03-15,3654509.31,2866925.36,787583.9500000002,0.2155101774798872,3298926.6871428574,2781228.349,2238757.235,542471.114
2021-03-16,4008350.11,3320217.27,688132.8399999999,0.17167483406283587,3455713.792857143,2816745.67,2267000.1843333333,549745.4856666666
2021-03-17,4400411.89,3480694.63,919717.2599999998,0.20900708456180447,3685267.4299999997,2858689.430333333,2298645.8973333333,560043.5329999999
2021-03-18,5516765.31,4537155.51,979609.7999999998,0.17756959829781122,3860278.4499999997,2980085.991,2395035.8846666664,585050.1063333333
2021-03-19,3614457.51,2975958.79,638498.7199999997,0.17665132823763635,3785935.2285714285,3018271.407,2429272.5733333332,588998.8336666666
2021-03-20,3232018.55,2766387.35,465631.1999999997,0.14406823252917275,3902313.3242857144,3068365.338,2475676.085,592689.2529999999
2021-03-21,2822145.24,2475231.8,346913.4400000004,0.12292543809687144,3892665.4171428573,3079598.930666667,2495042.669333333,584556.2613333332
2021-03-22,3923103.49,3698730.81,224372.68000000017,0.05719264877205678,3931036.014285714,3126685.0100000002,2552392.797666667,574292.2123333332
2021-03-23,4222620.69,3768846.71,453773.98000000045,0.1074626430630217,3961646.097142857,3178307.7873333334,2606075.8246666663,572231.9626666666
2021-03-24,4003647.57,3639438.17,364209.3999999999,0.09096939569034043,3904965.48,3201898.626333333,2638039.466,563859.1603333333
2021-03-25,4847687.37,4322456.49,525230.8799999999,0.10834668985677595,3809382.9171428573,3198419.3773333333,2652582.3946666666,545836.9826666666
2021-03-26,4034615.27,3623284.41,411330.85999999987,0.10195045437380697,3869405.454285715,3236884.9486666666,2694108.691666667,542776.2569999999
2021-03-27,3612774.77,3405524.2,207250.56999999983,0.057366036687639906,3923799.2,3168115.975333333,2654342.4866666663,513773.4886666666
2021-03-28,3528929.89,3193051.24,335878.6499999999,0.09517861234698542,4024768.4357142863,3158618.0236666664,2656832.3233333332,501785.70033333334
2021-03-29,4090090.6,3735223.94,354866.66000000015,0.0867625426194716,4048623.737142857,3186892.5533333337,2690217.779,496674.7743333333
2021-03-30,10795905.35,9875208.04,920697.3100000005,0.08528208428577976,4987664.4028571425,3468456.2066666665,2956001.239,512454.96766666666
2021-03-31,9220320.43,8547874.84,672445.5899999999,0.07293082654829165,5732903.382857143,3711058.198666667,3187756.86,523301.33866666665
2021-04-01,9027075.84,8225391.38,801684.46,0.08880887611995514,6329958.878571429,3989319.1143333334,3444060.3329999996,545258.7813333332
2021-04-02,7866035.23,7228630.89,637404.3400000008,0.08103247968799153,6877304.587142857,4211426.848,3652277.6936666667,559149.1543333334
2021-04-03,7594752.42,7064149.71,530602.71,0.06986438538835213,7446158.537142858,4391624.873,3830478.4993333337,561146.3736666667
2021-04-04,1720555.46,1597615.49,122939.96999999997,0.07145365136907587,7187819.332857144,4403944.416333334,3847005.0543333334,556939.362
2021-04-05,2665962.66,2489752.36,176210.30000000028,0.06609631209163307,6984372.484285714,4436059.8796666665,3883824.5086666667,552235.371
2021-04-06,2627509.32,2395678.58,231830.73999999976,0.08823212851629382,5817458.765714286,4441140.218666667,3896272.4496666663,544867.769
2021-04-07,3504391.02,3200078.0,304313.02,0.08683763263381494,5000897.421428571,4465753.760000001,3934451.597,531302.1630000001
2021-04-08,3026850.22,2768519.33,258330.89000000013,0.08534643977196867,4143722.332857143,4469620.755,3949459.4866666663,520161.2683333333
2021-04-09,3110153.27,2714930.73,395222.54000000004,0.12707493994339386,3464310.6242857142,4480174.649666666,3967179.787,512994.8626666667
2021-04-10,2505766.01,2142941.81,362824.1999999997,0.1447957225662901,2737312.5657142857,4420643.911,3924134.5126666664,496509.3983333333
2021-04-11,2755337.37,2528446.54,226890.83000000007,0.08234593428390226,2885138.5528571424,4374659.821333333,3896350.670333333,478309.15099999995
2021-04-12,3206411.87,3006280.88,200130.99000000022,0.06241587110891035,2962345.5828571427,4400961.1543333335,3930956.708666667,470004.4456666667
2021-04-13,3231903.43,2897501.76,334401.6700000004,0.10346895482579452,3048687.598571428,4412368.582333333,3949737.567333333,462631.015
2021-04-14,5218947.03,4826353.96,392593.0700000003,0.07522457456327168,3293624.1714285715,4464516.506333333,4015051.8540000003,449464.65233333333
2021-04-15,4270735.63,3783812.65,486922.98,0.11401384262223696,3471322.0871428573,4473262.690333334,4030505.0333333327,442757.657
2021-04-16,3735241.12,3308841.35,426399.77,0.11415588881715888,3560620.3514285716,4451090.331333334,4024776.5906666666,426313.7406666667
2021-04-17,3800876.52,3259298.49,541578.0299999998,0.14248766755516692,3745636.1385714286,4393894.038333333,3982181.356666667,411712.68166666676
2021-04-18,4448113.81,3495208.68,952905.1299999994,0.21422678706145776,3987461.344285715,4421682.581666666,3999489.6863333336,422192.89533333335
2021-04-19,3468512.12,2925337.15,543174.9700000002,0.15660172177804013,4024904.237142857,4429565.700666667,4004788.013,424777.68766666675
2021-04-20,4030055.78,3186833.6,843222.1799999997,0.20923337691370608,4138926.0014285715,4469829.385333333,4028508.073,441321.31233333336
2021-04-21,5244905.44,4141247.89,1103657.5500000003,0.2104246802207363,4142634.345714286,4513889.450333333,4043258.6423333334,470630.808
2021-04-22,4635126.49,3691630.05,943496.4400000004,0.20355354746748247,4194690.182857143,4527639.643666667,4040684.753666667,486954.89
2021-04-23,2503702.41,1966755.8,536946.6100000001,0.2144610349278691,4018756.0814285716,4477641.471666667,3984928.6746666664,492712.797
2021-04-24,3966260.92,3199689.13,766571.79,0.1932731621700773,4042382.424285714,4448260.59,3947503.096,500757.49400000006
2021-04-25,4545990.29,3630097.75,915892.54,0.20147261247229808,4056364.7785714283,4465306.424,3947730.2073333333,517576.21666666673
2021-04-26,4718077.11,3814996.18,903080.9300000002,0.1914086838652792,4234874.062857143,4502149.835333333,3961379.2733333334,540770.5620000002
2021-04-27,5303542.87,4355535.28,948007.5899999999,0.17874986838750676,4416800.79,4561303.601333334,4000128.7413333333,561174.86
2021-04-28,5606431.49,4335482.99,1270948.5,0.22669473483568778,4468447.368571429,4611848.297666667,4020137.376333333,591710.9213333334
2021-04-29,9535515.05,7714922.63,1820592.4200000009,0.19092753883283953,5168502.877142857,4569835.287666666,3948127.862666667,621707.4250000002
2021-04-30,6962149.33,5622679.65,1339469.6799999997,0.19239312696557742,5805423.865714286,4494562.917666667,3850621.356333333,643941.5613333335
2021-05-01,6555221.49,5276005.92,1279215.5700000003,0.19514452287408526,6175275.375714286,4412167.772666667,3752308.507666667,659859.2650000001
2021-05-02,5301495.07,4383106.98,918388.0899999999,0.17323190493884583,6283204.630000001,4326683.100666667,3657457.7106666667,669225.3900000001
2021-05-03,3778243.02,3051862.47,726380.5499999998,0.1922535279374379,6148942.617142857,4199466.120666667,3523714.8026666665,675751.3180000001
2021-05-04,1930133.97,1605646.92,324487.05000000005,0.1681163354686722,5667027.0600000005,4206452.0709999995,3523982.517,682469.5540000001
2021-05-05,2491751.76,1992920.65,498831.10999999987,0.20019293976539618,5222072.812857143,4200645.041,3507421.46,693223.5810000001
2021-05-06,3090364.98,2462408.5,627956.48,0.20319816075575642,4301337.088571428,4216073.563,3509645.790666667,706427.7723333334
2021-05-07,3099539.75,2583097.98,516441.77,0.1666188568802836,3749535.7199999997,4202578.520666666,3489079.79,713498.7306666668
2021-05-08,2448108.31,2024581.03,423527.28,0.1730018554612071,3162805.2657142854,4183287.1236666664,3464281.8466666667,719005.277
2021-05-09,3801718.87,3192875.3,608843.5700000003,0.1601495509845525,2948551.522857143,4206339.310333333,3480213.3323333333,726125.978
2021-05-10,3546216.71,2807669.46,738547.25,0.2082634284355397,2915404.9071428576,4241021.000333333,3502370.9206666667,738650.0796666667
2021-05-11,3323078.36,2752138.51,570939.8500000001,0.171810528717114,3114396.962857143,4259945.7,3509827.319666667,750118.3803333334
2021-05-12,4782841.68,3847828.01,935013.6699999999,0.19549333483269302,3441695.522857143,4312493.360333334,3537878.8906666664,774614.4696666668
2021-05-13,5666923.8,4709813.19,957110.6099999994,0.1688942085298552,3809775.354285714,4393660.706,3598289.271666667,795371.4343333334
2021-05-14,5250104.11,4258778.21,991325.9000000004,0.1888202365571757,4116998.834285714,4394699.275333334,3579370.08,815329.1953333333
2021-05-15,3858160.76,3146686.62,711474.1399999997,0.18440759321807,4318434.898571429,4380946.779666667,3558132.5456666667,822814.2339999999
2021-05-16,3981359.06,3199505.04,781854.02,0.19637867577811483,4344097.782857143,4389150.711,3554488.002,834662.709
2021-05-17,4684806.7,3826508.17,858298.5300000003,0.18320895289020148,4506753.495714285,4418615.050333333,3573394.991333334,845220.0590000001
2021-05-18,3549112.31,2889339.05,659773.2600000002,0.18589810701144036,4539044.06,4388648.333666666,3553199.337,835448.9966666667
2021-05-19,4795038.58,3840346.57,954692.0100000002,0.19909996428016233,4540786.474285714,4432865.882333334,3583699.651,849166.2313333334
2021-05-20,5057797.75,4088691.43,969106.3199999998,0.19160638046469924,4453768.467142857,4467123.948,3613761.5786666665,853362.3693333335
2021-05-21,5434543.62,4271132.76,1163410.8600000003,0.21407701204540158,4480116.968571429,4473445.2206666665,3618091.074333333,855354.1463333333
2021-05-22,4310539.38,3526722.84,783816.54,0.18183722984569975,4544742.485714286,4462625.650333333,3612594.1673333333,850031.4830000001
2021-05-23,3846392.54,3086892.89,759499.6499999999,0.19745765469896628,4525461.554285714,4507381.988000001,3649932.070333333,857449.9176666667
2021-05-24,3987573.28,3177252.48,810320.7999999998,0.2032115131436531,4425856.78,4508092.4,3649184.1820000005,858908.218
2021-05-25,3822459.48,3142554.15,679905.3300000001,0.17787116738775738,4464906.375714286,4483974.706333334,3632932.7286666664,851041.9776666667
2021-05-26,4915453.17,4056932.97,858520.1999999997,0.17465738565870617,4482108.46,4490553.908333333,3640997.2883333336,849556.62
2021-05-27,7320510.07,6048379.93,1272130.1400000006,0.1737761614744969,4805353.077142857,4557786.148333334,3697425.4433333334,860360.7050000001
2021-05-28,6925957.27,5561587.62,1364369.6499999994,0.19699365687827866,5018412.17,4601770.341000001,3738295.597666667,863474.7433333334
2021-05-29,4630943.52,3787091.31,843852.2099999995,0.18222036316262383,5064184.1899999995,4438284.623333333,3607367.887,830916.7363333333
2021-05-30,8887935.6,7274840.31,1613095.29,0.18149268430792861,5784404.627142857,4502477.499,3662439.909,840037.59
2021-05-31,7996369.9,6466327.4,1530042.5,0.1913421363861619,6357089.858571428,4550515.7793333335,3702117.2916666665,848398.4876666666
2021-06-01,7479521.04,6141761.22,1337759.8200000003,0.17885634826692062,6879527.224285714,4623116.645,3760739.0996666667,862377.5453333333
2021-06-02,6960798.21,5572082.02,1388716.1900000004,0.19950530788336132,7171719.372857143,4729201.818,3844746.4179999996,884455.4
2021-06-03,6367799.03,5139667.32,1228131.71,0.1928659658092256,7035617.795714286,4877123.986666666,3962547.0979999998,914576.8886666667
2021-06-04,2524112.16,2097669.41,426442.75,0.16894762315157974,6406782.78,4878202.666666667,3966038.7233333336,912163.9433333334
2021-06-05,2884765.01,2262050.61,622714.3999999999,0.2158631284840771,6157328.707142858,4871349.334333333,3959360.127,911989.2073333333
2021-06-06,3795966.84,3084551.9,711414.94,0.18741337055515478,5429904.598571428,4894563.570666667,3976075.257666667,918488.313
2021-06-07,3757477.99,3136794.28,620683.7100000004,0.16518625302712694,4824348.611428572,4938209.2266666675,4013149.032666667,925060.194
2021-06-08,3948452.32,3177527.58,770924.7399999998,0.19524732161385192,4319910.222857143,4943100.341666667,4012637.4420000003,930462.8996666668
2021-06-09,3733884.76,3009506.21,724378.5499999998,0.19400131406305102,3858922.5871428577,4949355.943333332,4019365.3336666664,929990.6096666667
2021-06-10,3994102.54,3220973.51,773129.0300000003,0.1935676468636682,3519823.088571429,4971723.416,4034993.1670000004,936730.249
2021-06-11,3221511.31,2622379.46,599131.8500000001,0.18597850274193203,3619451.5385714285,4919679.070333334,3994144.8819999998,925534.1883333332
2021-06-12,3618435.07,2920008.48,698426.5899999999,0.193018964411043,3724261.5471428568,4851396.1126666665,3934484.725,916911.3876666666
2021-06-13,3349171.43,2778202.9,570968.5300000003,0.17048053285227033,3660433.631428571,4788031.69,3885132.2146666665,902899.4753333334
2021-06-14,4007931.92,3159812.63,848119.29,0.2116102036982704,3696212.7642857144,4793024.062000001,3885569.7483333335,907454.3136666666
2021-06-15,4162142.95,3326425.2,835717.75,0.20079025637502432,3726739.9971428574,4799050.191666666,3889800.4203333333,909249.7713333333
2021-06-16,4740156.23,3752544.13,987612.1000000006,0.20835011592012453,3870493.064285714,4800895.176,3887334.952333333,913560.2236666667
2021-06-17,5807751.43,4698668.17,1109083.2599999998,0.19096603450881502,4129585.762857143,4876183.146666666,3947645.923,928537.2236666667
2021-06-18,4316861.14,3463681.18,853179.9599999995,0.19763896320278662,4286064.3100000005,4860243.898666667,3935090.4099999997,925153.4886666667
2021-06-19,3596996.21,3016398.92,580597.29,0.16141170468455956,4283001.615714286,4811550.514,3899347.3263333333,912203.1876666666
2021-06-20,3113780.62,2502341.31,611439.31,0.1963655711878636,4249374.357142857,4734191.747333334,3840387.6113333334,893804.1359999999
2021-06-21,3454322.45,2831163.45,623159.0,0.18039977709666333,4170287.29,4705651.183,3817202.2983333333,888448.8846666666
2021-06-22,3814525.81,3072656.32,741869.4900000002,0.19448537693863455,4120627.6985714287,4704588.958666666,3816727.746,887861.2126666666
2021-06-23,5129834.24,4258385.56,871448.6800000006,0.16987852613342933,4176295.9857142856,4742664.324000001,3852765.515333333,889898.8086666667
2021-06-24,5015283.26,4491924.42,523358.83999999985,0.10435279781186275,4063086.2471428574,4782425.116666666,3897744.5243333336,884680.5923333333
2021-06-25,3255836.16,2807033.14,448803.02,0.1378457016706885,3911511.25,4727104.549666667,3856081.1966666663,871023.353
2021-06-26,3202321.56,2946230.91,256090.6499999999,0.07997031066424194,3855129.1571428566,4589831.599333333,3752676.229333333,837155.37
2021-06-27,3938214.81,3832008.26,106206.55000000028,0.026968196282822945,3972905.47,4490240.184,3695023.584,795216.6000000001
2021-06-28,4255543.96,4082242.05,173301.91000000015,0.04072379738734978,4087365.6857142863,4477726.865333334,3704861.942,772864.9233333335
2021-06-29,5907160.01,5911751.11,-4591.100000000559,-0.0007772093514021061,4386313.428571428,4378367.6790000005,3659425.6353333336,718942.0436666667
2021-06-30,5094915.79,4949985.1,144930.6900000004,0.028446140421881323,4381325.078571429,4281652.541999999,3608880.892,672771.6500000001
2021-07-01,4975867.15,5024857.74,-48990.58999999985,-0.009845638664207474,4375694.205714286,4198197.412333334,3571650.776,626546.6363333334
2021-07-02,4397949.68,4326458.07,71491.6099999994,0.01625566802756129,4538853.28,4112769.1279999996,3530129.977666667,582639.1503333334
2021-07-03,3132513.38,3101143.37,31370.009999999776,0.01001432594040501,4528880.682857143,4004926.273,3462179.1793333334,542747.0936666667
2021-07-04,730601.15,647312.84,83288.31000000006,0.11399969737249942,4070650.1599999997,3945142.5726666665,3413833.9603333334,531308.6123333334
2021-07-05,1878817.85,1927429.12,-48611.27000000002,-0.025873327741696737,3731117.8585714283,3911611.0006666672,3402679.910666667,508931.09
2021-07-06,1616214.16,1626948.22,-10734.060000000056,-0.006641483700402709,3118125.5942857144,3838952.578,3354093.121333333,484859.4566666667
2021-07-07,1741509.6,1715092.93,26416.67000000016,0.015168833981736395,2639067.5671428577,3771753.6316666664,3306703.0763333333,465050.5553333333
2021-07-08,2563149.38,2518109.42,45039.95999999996,0.017572116690288245,2294393.6,3725576.867,3284722.471,440854.396
2021-07-09,2685812.87,2706650.91,-20838.040000000037,-0.00775855988805357,2049802.627142857,3690641.137333333,3274627.294333333,416013.84300000005
2021-07-10,2524108.8,2448068.41,76040.38999999966,0.030125638799721972,1962887.687142857,3641641.3460000004,3248863.791,392777.555
2021-07-11,2592712.85,2553763.2,38949.64999999991,0.015022739598795102,2228903.6442857143,3620681.3973333333,3246576.5823333333,374104.815
2021-07-12,3123873.5,3108780.0,15093.5,0.004831661717415894,2406768.737142857,3604196.0116666663,3252868.966333333,351327.0453333333
2021-07-13,2650746.43,2549076.58,101669.8500000001,0.0383551775640796,2554559.0614285716,3580915.178333333,3245231.422333333,335683.756
2021-07-14,2970833.54,2785803.91,185029.6299999999,0.06228205906144438,2730176.7671428574,3546345.232333333,3232764.4650000003,313580.7673333333
2021-07-15,3628282.86,3639556.87,-11274.010000000242,-0.003107257740098092,2882338.692857143,3528549.8959999997,3243202.187333333,285347.70866666664
2021-07-16,2768513.94,2780496.25,-11982.310000000056,-0.004328065619203657,2894153.131428572,3462828.4863333334,3210800.591333333,252027.89499999996
2021-07-17,2453122.24,2399937.97,53184.27000000002,0.021680236366859573,2884012.194285714,3351007.5133333337,3134176.2513333336,216831.262
2021-07-18,2827723.47,2930478.35,-102754.87999999989,-0.03633837646790826,2917585.14,3301369.591,3116402.823666667,184966.76733333335
2021-07-19,2859598.56,2696150.18,163448.3799999999,0.05715780609429314,2879831.5771428575,3276789.6693333336,3105727.8656666665,171061.80366666667
2021-07-20,3389960.06,3045138.98,344821.0800000001,0.10171833115933528,2985433.524285714,3285995.6506666667,3123821.121333333,162174.52933333334
2021-07-21,3336465.66,2928248.05,408217.61000000034,0.1223503106577756,3037666.6842857143,3282067.091,3127057.2746666665,155009.81633333335
2021-07-22,4388007.92,3796262.13,591745.79,0.1348552237799972,3146198.8357142857,3301183.1613333332,3151177.4683333337,150005.693
2021-07-23,4385215.41,3753800.99,631414.4199999999,0.14398709321328412,3377156.1885714284,3276362.533666667,3134357.9826666666,142004.55099999998
2021-07-24,2294305.45,1930929.33,363376.1200000001,0.15838175339730814,3354468.075714286,3185663.2733333334,3048991.4796666666,136671.79366666666
2021-07-25,2549303.61,2173412.06,375891.5499999998,0.14744871835803028,3314693.81,3162112.1883333335,3027870.7770000002,134241.4113333333
2021-07-26,3676952.36,2918564.14,758388.2199999997,0.2062545678454207,3431458.6385714286,3177933.2150000003,3026948.5513333334,150984.66366666663
2021-07-27,3460197.23,2857159.07,603038.1600000001,0.17427855116802118,3441492.52,3161999.2956666662,2994453.578333333,167545.7173333333
2021-07-28,4046860.27,3235448.81,811411.46,0.20050394771846175,3542977.464285714,3155043.172666667,2966227.137,188816.03566666663
2021-07-29,5547857.68,4566302.38,981555.2999999998,0.17692510453873067,3708670.287142857,3143066.428333333,2921378.8460000004,221687.58233333332
2021-07-30,6548042.77,6322433.77,225609.0,0.034454417590800195,4017645.6242857142,3191503.9943333333,2967127.135,224376.8593333333
2021-07-31,5256382.47,5446793.9,-190411.43000000063,-0.03622480500358275,4440799.484285714,3200854.505,2981191.6736666667,219662.83133333328
2021-08-01,3652376.75,4109973.08,-457596.3300000001,-0.12528727492310318,4598381.361428571,3176002.074,2973975.5073333336,202026.5666666666
2021-08-02,4399616.65,4886236.3,-486619.64999999944,-0.11060501146162345,4701619.117142857,3218238.8496666667,3033478.605,184760.24466666664
2021-08-03,2422462.49,3359505.36,-937042.8699999996,-0.38681419170292275,4553371.297142857,3274634.2276666667,3123885.0223333333,150749.20533333332
2021-08-04,1157658.1,1697391.73,-539733.6299999999,-0.4662288718923142,4140628.13,3250595.569333333,3116217.1093333336,134378.46
2021-08-05,1482037.52,2026425.65,-544388.1299999999,-0.36732412145679005,3559796.6785714286,3246123.0146666667,3129533.0236666664,116589.99099999998
2021-08-06,1591502.8,2374360.64,-782857.8400000001,-0.4918984999586555,2851719.54,3241122.788,3151508.614,89614.17399999998
2021-08-07,1632328.25,2336736.46,-704408.21,-0.43153588134004295,2333997.5085714287,3210095.417,3145462.848666667,64632.56833333333
2021-08-08,1411882.22,1918090.72,-506208.5,-0.35853451005282866,2013926.8614285716,3167631.062,3119177.5090000005,48453.552999999985
2021-08-09,1376421.76,2167285.81,-790864.05,-0.5745797349207847,1582041.877142857,3129374.827333333,3109818.0889999997,19556.73833333333
2021-08-10,1581357.61,2246981.07,-665623.4599999997,-0.42091899756943635,1461884.0371428572,3095662.986,3099592.018,-3929.031999999991
2021-08-11,1740229.21,2604985.61,-864756.3999999999,-0.49692097743836855,1545108.4814285713,3049541.509666667,3082798.871666667,-33257.36199999999
2021-08-12,2480973.68,3548924.53,-1067950.8499999996,-0.43045634002856475,1687813.6471428573,3043882.418,3116127.1366666663,-72244.71866666665
2021-08-13,2199306.57,3444159.74,-1244853.1700000004,-0.5660207571698386,1774642.757142857,3018164.852333334,3138072.331,-119907.47866666665
2021-08-14,1494099.71,1993428.41,-499328.69999999995,-0.334200386130856,1754895.822857143,2947025.414,3083201.3823333336,-136175.96833333332
2021-08-15,1862118.62,2645589.05,-783470.4299999997,-0.4207414187179975,1819215.3085714285,2916812.236666667,3078704.475666667,-161892.23899999997
2021-08-16,2220064.67,3319453.91,-1099389.2400000002,-0.49520595271668383,1939735.7242857143,2909043.651,3109355.0069999998,-200311.356
2021-08-17,2263302.37,3320429.89,-1057127.52,-0.46707304070909444,2037156.4042857143,2890229.614333333,3122353.3916666666,-232123.77733333327
2021-08-18,1875383.97,2630473.94,-755089.97,-0.40263219803462436,2056464.2271428572,2857422.461333333,3120164.1836666665,-262741.72233333334
2021-08-19,2535597.13,3644326.12,-1108728.9900000002,-0.4372654381415869,2064267.5771428572,2828943.697,3140137.0883333334,-311193.39133333333
2021-08-20,2553183.49,3860236.79,-1307053.2999999998,-0.5119308130885648,2114821.422857143,2802834.291333333,3171203.3796666665,-368369.08833333326
2021-08-21,1453356.23,2098001.94,-644645.71,-0.44355657387590375,2109000.9257142856,2705012.5683333334,3114594.706666666,-409582.13833333337
2021-08-22,1640268.07,2295711.5,-655443.4299999999,-0.399595311271285,2077307.9900000002,2613514.3236666666,3065991.7236666665,-452477.4
2021-08-23,1883869.71,2626041.33,-742171.6200000001,-0.3939612256943184,2029280.1385714286,2599833.132333333,3089162.123666667,-489328.99133333325
2021-08-24,1836322.27,2808012.6,-971690.3300000001,-0.5291502182784071,1968282.9814285713,2576067.0876666666,3110315.475,-534248.3873333334
2021-08-25,1939866.54,2821994.79,-882128.25,-0.454736566568131,1977494.7771428574,2518164.2269999995,3107096.496666667,-588932.2696666666
2021-08-26,1886569.08,2959216.09,-1072647.0099999998,-0.5685702269646017,1884776.4842857143,2465709.955333334,3110498.3973333333,-644788.4419999999
2021-08-27,1662732.77,2371412.62,-708679.8500000001,-0.42621391890892973,1757569.2385714285,2386239.0386666665,3081697.191,-695458.1523333334
2021-08-28,1664938.51,2453257.65,-788319.1399999999,-0.4734824350960564,1787795.2785714285,2256808.399666667,3011262.3666666667,-754453.9670000001
2021-08-29,4443078.33,6342118.62,-1899040.29,-0.4274154423921669,2188196.7442857143,2186642.9183333335,3011918.5283333333,-825275.61
2021-08-30,3996164.3,5499176.03,-1503011.7300000004,-0.37611359723122506,2489953.1142857145,2144635.646,3013664.599333333,-869028.9533333333
2021-08-31,3940957.44,5240978.22,-1300020.7799999998,-0.3298743515484399,2790615.2814285713,2154255.0023333333,3051364.7706666663,-897109.7683333333
2021-09-01,3579634.39,4583108.31,-1003473.9199999995,-0.28032860640832075,3024867.8314285716,2126922.2603333336,3041260.504333333,-914338.2440000001
2021-09-02,3917618.96,4722341.9,-804722.9400000004,-0.20541123274531028,3315017.814285714,2176760.8093333333,3086688.389,-909927.5796666667
2021-09-03,1070973.42,1003268.02,67705.3999999999,0.06321856241773013,3230480.7642857144,2173871.32,3063550.9319999996,-889679.612
2021-09-04,1839742.83,1710231.68,129511.15000000014,0.07039633360060446,3255452.8099999996,2185794.8303333335,3053011.133,-867216.3026666666
2021-09-05,1682890.37,1626164.36,56726.01000000001,0.03370748981111586,2861140.2442857143,2188841.0826666667,3028071.257,-839230.1743333333
2021-09-06,2097434.58,1931198.13,166236.4500000002,0.07925703694653503,2589893.141428571,2204344.627,3014553.3126666667,-810208.6856666667
2021-09-07,2244132.38,1986738.71,257393.66999999993,0.11469629523370628,2347489.5614285716,2232086.299,3016841.5789999994,-784755.28
2021-09-08,3716975.63,3437593.72,279381.9099999997,0.0751637723274499,2367109.738571428,2310104.7613333333,3059185.176,-749080.4146666668
2021-09-09,2187074.96,2082447.03,104627.92999999993,0.04783920620626553,2119889.1671428573,2330295.3396666665,3053700.7079999996,-723405.3683333334
2021-09-10,1980857.12,1821707.08,159150.04000000004,0.08034402804377937,2249872.552857143,2338316.27,3027591.4236666663,-689275.1536666666
2021-09-11,1547495.48,1455524.4,91971.08000000007,0.0594322123642003,2208122.931428571,2307200.33,2957811.419333333,-650611.0893333333
2021-09-12,2102573.99,1909199.54,193374.4500000002,0.09197034250385651,2268077.734285714,2303975.910666667,2906646.0793333338,-602670.1686666667
2021-09-13,2488502.06,2265837.09,222664.9700000002,0.08947751082030457,2323944.517142857,2337122.6556666666,2915726.368666666,-578603.7129999999
2021-09-14,2715006.68,2532491.32,182515.36000000034,0.06722464491321263,2391212.274285714,2365552.257666667,2911956.444333333,-546404.1866666666
2021-09-15,3275643.47,3007258.03,268385.4400000004,0.08193365439737567,2328164.822857143,2400738.2176666665,2901549.915,-500811.69733333326
2021-09-16,1853200.26,1657780.29,195419.96999999997,0.1054500013938051,2280468.4371428574,2387068.1473333333,2846128.2616666663,-459060.11433333333
2021-09-17,2031900.2,1889074.28,142825.91999999993,0.07029179878027471,2287760.305714286,2392285.3549999995,2821414.9396666666,-429129.58466666663
2021-09-18,1910747.73,1785651.61,125096.11999999988,0.06546972058943641,2339653.4842857146,2371457.0416666665,2759459.1226666663,-388002.081
2021-09-19,1952437.84,1794752.16,157685.68000000017,0.08076348284665501,2318205.462857143,2351432.1866666665,2690609.635,-339177.4483333333
2021-09-20,2307149.39,2140377.91,166771.47999999998,0.07228464733269828,2292297.9385714284,2379891.958666667,2692022.1673333338,-312130.2086666666
2021-09-21,3210995.34,2839955.92,371039.4199999999,0.11555277436185876,2363153.4614285715,2432249.5343333334,2710163.6480000005,-277914.1136666666
2021-09-22,2518917.94,2299264.05,219653.89000000013,0.08720168549833748,2255049.814285714,2453417.808666667,2699271.0719999997,-245853.26333333328
2021-09-23,2220736.52,2001371.7,219364.82000000007,0.09878021008993902,2307554.9942857143,2466231.617,2672383.0420000004,-206151.42499999996
2021-09-24,2008968.22,1790130.16,218838.06000000006,0.10893057332683942,2304278.9971428574,2468535.0063333334,2637987.5543333334,-169452.54799999995
2021-09-25,2281967.32,2112780.84,169186.47999999998,0.07414062353881562,2357310.367142857,2481714.947666667,2609773.0460000006,-128058.09833333331
2021-09-26,1602075.57,1461503.99,140571.58000000007,0.08774341400137577,2307258.6142857145,2479693.041,2579442.7583333333,-99749.71733333329
2021-09-27,3058684.14,2864098.57,194585.5700000003,0.06361741229024069,2414620.7214285717,2526151.2286666664,2593137.4556666664,-66986.22699999997
2021-09-28,4749132.81,4287087.43,462045.3799999999,0.09729047354226338,2634354.645714286,2536353.044666667,2524636.416,11716.62866666671
2021-09-29,3184253.74,2793067.38,391186.36000000034,0.1228502474805919,2729402.617142857,2509289.3593333336,2434432.794333333,74856.56500000008
2021-09-30,3504126.92,3102295.47,401831.4499999997,0.11467377157674406,2912744.1028571427,2494728.342,2363143.3693333333,131584.97266666673
2021-10-01,2465559.4,2269641.63,195917.77000000002,0.07946179272744353,2977971.4142857143,2457592.5090000005,2286027.8133333335,171564.6956666667
2021-10-02,2584886.96,2309451.71,275435.25,0.10655601357515455,3021245.6485714284,2413168.1089999997,2205598.1403333335,207569.96866666668
2021-10-03,920334.15,789349.71,130984.44000000006,0.1423226987719624,2923854.0171428574,2408146.8,2198467.53,209679.27000000005
2021-10-04,1043382.83,864297.5,179085.32999999996,0.17163913843588932,2635953.8300000005,2381601.466666667,2170269.724,211331.74266666672
2021-10-05,1440909.2,1238586.01,202323.18999999994,0.14041355971632352,2163350.457142857,2373535.4276666665,2157350.4456666666,216184.98200000002
2021-10-06,1793088.31,1465294.6,327793.70999999996,0.1828095739467511,1964612.5385714285,2363390.552,2141820.3279999997,221570.22400000002
2021-10-07,1826196.69,1497790.82,328405.8699999999,0.17983050336160664,1724908.22,2349459.3623333336,2125522.065,223937.29733333335
2021-10-08,1613264.94,1325310.58,287954.35999999987,0.1784916741573767,1603151.8685714286,2279335.6726666666,2055112.6269999999,224223.04566666673
2021-10-09,1794510.68,1447840.15,346670.53,0.1931838767323469,1490240.9714285715,2266250.196666667,2033959.0643333332,232291.13233333334
2021-10-10,1883117.98,1559914.53,323203.44999999995,0.17163207692382607,1627781.5185714285,2262992.2253333335,2025232.646,237759.57933333336
2021-10-11,2300450.29,1848634.77,451815.52,0.19640307898155018,1807362.5842857142,2288090.719,2038336.325,249754.39400000003
2021-10-12,1567144.44,1334199.42,232945.02000000002,0.14864298022204006,1825396.19,2270243.067333333,2019169.6543333335,251073.41300000003
2021-10-13,1918678.27,1624278.45,294399.82000000007,0.1534388670592491,1843337.6128571427,2251248.941,1997784.366333333,253464.5746666667
2021-10-14,2148334.67,1733671.89,414662.78,0.19301591404285257,1889357.3242857142,2232359.874,1971157.052,261202.82200000004
2021-10-15,1900056.41,1665667.16,234389.25,0.12335910069112106,1930327.5342857142,2186506.972,1926437.3563333335,260069.61566666668
2021-10-16,2106301.79,1750771.11,355530.67999999993,0.16879379853729315,1974869.1214285714,2194943.6896666666,1929537.0503333334,265406.6393333333
2021-10-17,2495144.25,2124471.09,370673.16000000015,0.14855780783014855,2062301.4457142858,2210385.158,1937383.6106666666,273001.54733333335
2021-10-18,2029589.44,1714394.15,315195.29000000004,0.15530002461975762,2023607.0385714285,2214346.5483333333,1935008.362,279338.1863333334
2021-10-19,1794195.22,1443278.64,350916.5800000001,0.19558439131278038,2056042.8642857145,2209071.794333333,1923292.578,285779.21633333334
2021-10-20,2748359.42,2249708.28,498651.14000000013,0.1814359273286025,2174568.742857143,2223778.7953333333,1926936.9236666667,296841.8716666667
2021-10-21,1715238.6,1425166.31,290072.29000000004,0.16911483335321395,2112697.8757142858,2173920.2373333336,1879777.27,294142.96733333333
2021-10-22,2513749.87,2045877.61,467872.26,0.18612522494133435,2200368.37,2173747.9683333333,1871331.0553333333,302416.913
2021-10-23,1853822.02,1521941.02,331881.0,0.17902527665519907,2164299.8314285716,2161517.485,1855350.0326666667,306167.4523333333
2021-10-24,2201542.06,1879343.83,322198.23,0.14635115806054597,2122356.6614285717,2167936.613,1858323.8216666665,309612.79133333336
2021-10-25,2021989.32,1646748.37,375240.94999999995,0.18558008506197252,2121270.93,2159270.679666667,1842789.406,316481.2736666667
2021-10-26,2162674.08,1776598.49,386075.5900000001,0.17851769416869326,2173910.7671428574,2177957.2966666664,1853292.556,324664.7406666667
2021-10-27,2151921.73,1803290.61,348631.1199999999,0.16200920095732288,2088705.3828571427,2147731.883,1817932.2906666666,329799.59233333333
2021-10-28,2489853.45,2036708.17,453145.28000000026,0.18199676772140955,2199364.6471428573,2072422.5709999998,1742919.6486666666,329502.9223333334
2021-10-29,3746325.95,3090953.59,655372.3600000003,0.17493735695902282,2375446.944285714,2091158.3113333334,1752849.189,338309.1223333333
2021-10-30,3434826.63,2965454.49,469372.13999999966,0.13665089699156072,2601304.7457142854,2088848.3016666668,1748287.8229999999,340560.47866666666
2021-10-31,3026687.11,2545466.76,481220.3500000001,0.15899243380991573,2719182.61,2107552.558666667,1757481.994,350070.56466666673
2021-11-01,2926691.09,2398381.34,528309.75,0.18051435349810013,2848425.7199999997,2118946.029666667,1760446.3150000002,358499.7146666667
2021-11-02,3072730.67,2536221.43,536509.2399999998,0.1746034057713232,2978433.804285715,2190692.580333333,1818675.3723333334,372017.2079999999
2021-11-03,1262904.96,1055921.75,206983.20999999996,0.16389452615658423,2851431.4085714286,2198009.9846666665,1825062.8473333335,372947.1373333334
2021-11-04,1344901.28,1136391.76,208509.52000000002,0.15503704480079014,2687866.812857143,2194809.720666667,1821656.3723333334,373153.3483333333
2021-11-05,1257605.18,1084704.98,172900.19999999995,0.13748368943582115,2332335.274285714,2176960.2830000003,1808970.0516666665,367990.23133333336
2021-11-06,2093872.9,1714441.6,379431.2999999998,0.18121028262985772,2140770.455714286,2185882.8233333332,1816191.7443333333,369691.07899999997
2021-11-07,942802.49,782264.44,160538.05000000005,0.17027749894890504,1843072.652857143,2163534.075,1798090.2063333332,365443.8686666667
2021-11-08,2064680.43,1687466.21,377214.22,0.1826985980585867,1719928.2728571428,2172539.7333333334,1806077.7416666667,366461.99166666664
2021-11-09,2462296.67,2100076.52,362220.1499999999,0.14710662383343107,1632723.4157142858,2191845.6896666666,1824083.1413333334,367762.5483333333
2021-11-10,1774844.23,1518855.62,255988.60999999987,0.14423159265080962,1705857.597142857,2174325.487666667,1813090.5029999998,361234.98466666666
2021-11-11,1412638.65,1123822.69,288815.95999999996,0.2044514073007984,1715534.3642857142,2169175.2946666665,1806077.9453333332,363097.3493333334
2021-11-12,1777590.33,1460783.5,316806.8300000001,0.17822263355809326,1789817.9571428571,2164472.3633333333,1800628.113666667,363844.24966666667
2021-11-13,1291079.97,1073274.92,217805.05000000005,0.16869989083635156,1675133.2528571428,2135897.2066666665,1778614.8813333332,357282.3253333334
2021-11-14,1228705.01,1065683.97,163021.04000000004,0.13267711832639148,1715976.47,2113518.8266666667,1758615.4416666664,354903.385
2021-11-15,1206377.91,983743.19,222634.71999999997,0.18454807416027702,1593361.8242857142,2083521.364,1733047.8443333332,350473.51966666675
2021-11-16,2106714.51,1725304.97,381409.5399999998,0.18104472067266478,1542564.3728571427,2070573.7060000002,1719742.307,350831.399
2021-11-17,1531889.09,1349321.43,182567.66000000015,0.11917811882843303,1507856.4957142856,2053983.6943333333,1707573.2163333334,346410.478
2021-11-18,1661241.07,1433114.76,228126.31000000006,0.13732282094374182,1543371.1271428573,2049551.8893333334,1707234.4203333333,342317.469
2021-11-19,1253389.32,1095039.04,158350.28000000003,0.1263376649802633,1468485.2685714287,1999719.5526666667,1668745.4456666666,330974.10699999996
2021-11-20,1071404.44,1040227.2,31177.23999999999,0.029099412729706432,1437103.05,1978258.4139999999,1655914.142,322344.272
2021-11-21,1222908.7,1238315.19,-15406.48999999999,-0.012598234030062907,1436275.0057142857,1935230.375,1628995.3946666666,306234.9803333333
2021-11-22,1558297.56,1613383.51,-55085.94999999995,-0.03535008422909932,1486549.2414285713,1925379.559666667,1632043.477666667,293336.08200000005
2021-11-23,1613168.79,1629011.23,-15842.439999999944,-0.009820695824396618,1416042.7100000002,1905767.1173333335,1623699.0576666666,282068.0596666666
2021-11-24,1665269.85,1709718.17,-44448.31999999983,-0.02669136176338017,1435097.1042857144,1893876.4683333333,1625798.051,268078.41733333335
2021-11-25,1278003.36,1305823.05,-27819.689999999944,-0.021768088309251348,1380348.8599999999,1864387.4443333335,1610105.5363333332,254281.908
2021-11-26,970756.2,1019443.98,-48687.78000000003,-0.05015448781063673,1339972.7,1825015.26,1583977.3153333333,241037.94466666665
2021-11-27,1407280.07,1519826.79,-112546.71999999997,-0.07997464214781352,1387954.932857143,1788929.4806666668,1566747.936,222181.54466666665
2021-11-28,2359645.42,2324536.28,35109.14000000013,0.014878989742450428,1550345.892857143,1742706.7963333332,1541200.6923333332,201506.10399999996
2021-11-29,1830856.99,1894919.03,-64062.04000000004,-0.03499019330832608,1589282.9542857143,1689241.1416666666,1505516.177,183724.96466666664
2021-11-30,2987950.32,3045686.15,-57735.830000000075,-0.019322888206521477,1785680.3157142855,1687949.9153333332,1522190.1566666667,165759.75866666666
2021-12-01,1881588.13,1920538.46,-38950.330000000075,-0.02070077365974884,1816582.9271428569,1653113.15,1506262.0606666664,146851.08933333334
2021-12-02,1911470.99,1996362.17,-84891.17999999993,-0.044411440426830616,1907078.3028571426,1614404.494,1488266.7519999999,126137.742
2021-12-03,586748.17,626899.33,-40151.159999999916,-0.06842997056130556,1852220.0128571426,1591865.9343333333,1473966.0046666665,117899.92966666668
2021-12-04,819389.63,787101.35,32288.280000000028,0.0394052826858451,1768235.664285714,1574348.879333333,1462322.991,112025.88833333335
2021-12-05,1101768.07,1082761.55,19006.52000000002,0.0172509265039783,1588538.9000000001,1569154.309,1462258.2100000002,106896.09899999999
2021-12-06,1167887.5,1132700.46,35187.04000000004,0.030128792370840544,1493828.972857143,1538288.129,1442866.8386666665,95421.29033333334
2021-12-07,708706.53,724333.47,-15626.939999999944,-0.022049944989218518,1168222.7171428571,1530484.9303333333,1440935.8063333335,89549.12400000003
2021-12-08,919265.14,968146.91,-48881.77000000002,-0.053174832671235656,1030748.0042857144,1492304.4206666665,1416958.4963333334,75345.92433333334
2021-12-09,999032.78,1047782.72,-48749.939999999944,-0.04879713756739788,900399.6885714286,1443528.9576666667,1381882.0363333332,61646.921333333354
2021-12-10,1214991.34,1243394.6,-28403.26000000001,-0.023377335347921087,990148.7128571429,1424867.1946666664,1372700.0023333333,52167.192333333354
2021-12-11,948995.31,997983.77,-48988.45999999996,-0.051621393155251695,1008663.8099999999,1409412.4166666667,1368505.3716666666,40907.04500000003
2021-12-12,1285064.15,1307106.22,-22042.070000000065,-0.017152505577250805,1034848.9642857143,1392994.8773333333,1363382.7956666665,29612.081666666687
2021-12-13,1112918.62,1168775.11,-55856.48999999999,-0.05018919532499149,1026996.2671428572,1387056.1656666668,1366566.1353333334,20490.030333333354
2021-12-14,1821860.68,1884666.84,-62806.16000000015,-0.03447363494337018,1186018.2885714285,1406828.0213333333,1393865.5643333334,12962.457000000015
2021-12-15,1773908.51,1816537.46,-42628.94999999995,-0.02403108715003569,1308110.1985714287,1425745.708,1421625.3733333333,4120.334666666683
2021-12-16,1771984.63,1846296.05,-74311.42000000016,-0.04193683102093282,1418531.8914285714,1414588.0453333335,1425658.4093333334,-11070.363999999981
2021-12-17,1463605.82,1523555.95,-59950.12999999989,-0.04096057092749186,1454048.2457142859,1412311.9363333334,1431466.2266666666,-19154.290333333316
2021-12-18,1214550.47,1217310.4,-2759.929999999935,-0.002272388071283637,1491984.697142857,1397422.2496666668,1424272.748,-26850.498333333315
2021-12-19,1546435.59,1510053.63,36381.960000000196,0.02352633387078229,1529323.4742857143,1407190.4586666666,1438106.5676666668,-30916.10899999998
2021-12-20,1676753.39,1642291.41,34461.97999999998,0.020552801745043727,1609871.2985714285,1427368.757,1458175.3746666668,-30806.617666666643
2021-12-21,2017237.85,2127476.27,-110238.41999999993,-0.05464820125202386,1637782.322857143,1453846.3953333334,1487814.0773333334,-33967.68199999998
2021-12-22,2327738.57,2283587.28,44151.29000000004,0.018967460766008633,1716900.902857143,1479494.429,1510154.203,-30659.773999999976
2021-12-23,2415914.18,2480623.5,-64709.31999999983,-0.026784610370555392,1808890.8385714286,1506252.6086666666,1538541.2786666667,-32288.669999999973
2021-12-24,1448810.25,1505101.29,-56291.04000000004,-0.03885328668816364,1806777.1857142856,1499037.2886666665,1531720.7159999998,-32683.42733333331
2021-12-25,1120986.7,1156338.1,-35351.40000000014,-0.031535967375884245,1793410.932857143,1493803.4,1526737.8843333335,-32934.48433333332
2021-12-26,1317218.46,1338753.3,-21534.840000000084,-0.016348723202679747,1760665.6285714286,1505352.142,1537381.528333333,-32029.38633333332
2021-12-27,1025037.51,986082.95,38954.560000000056,0.038003058053943856,1667563.3599999999,1492610.7233333334,1519590.067,-26979.343666666653
2021-12-28,1855064.19,1847193.9,7870.290000000037,0.0042425971254396525,1644395.6942857143,1475791.349,1503678.6543333335,-27887.305333333323
2021-12-29,4065184.9,4208667.7,-143482.80000000028,-0.03529551632448509,1892602.3128571429,1550268.9459999998,1580803.61,-30534.663999999997
2021-12-30,3842586.5,3948015.94,-105429.43999999994,-0.027437102587020472,2096412.6442857143,1578756.8186666667,1610881.2696666669,-32124.450999999994
2021-12-31,3041203.79,3121467.33,-80263.54000000004,-0.026392029453573725,2323897.435714286,1617410.6739999999,1650912.232,-33501.55799999999
2022-01-01,2932155.47,3019583.5,-87428.0299999998,-0.0298169830674087,2582635.8314285716,1651433.49,1685019.6096666667,-33586.11966666665
2022-01-02,2361965.0,2368851.11,-6886.10999999987,-0.002915415766109942,2731885.3371428573,1710607.3843333335,1743084.669,-32477.284666666652
2022-01-03,545563.72,476501.31,69062.40999999997,0.12658908110678616,2663389.0814285716,1701479.854,1732731.3343333334,-31251.480333333322
2022-01-04,1242319.38,1057834.07,184485.30999999982,0.148500710018707,2575854.108571429,1706164.8976666667,1731900.4183333332,-25735.520666666664
2022-01-05,809977.6,684605.3,125372.29999999993,0.1547848977551971,2110824.4942857143,1694234.5676666668,1716963.913,-22729.345333333327
2022-01-06,993048.62,827696.4,165352.21999999997,0.16650969214377437,1703747.6542857143,1703712.6373333333,1720409.344,-16696.70666666667
2022-01-07,1294963.64,1109631.82,185331.81999999983,0.1431173928559105,1454284.7757142857,1716235.9206666665,1725125.5076666668,-8889.587000000005
2022-01-08,1641747.05,1369252.03,272495.02,0.16597868715524722,1269940.7157142856,1737659.7296666666,1735841.1513333332,1818.5783333333268
2022-01-09,1706485.37,1491356.56,215128.81000000006,0.12606542885275368,1176300.7685714285,1754042.864,1744106.55,9936.313999999995
2022-01-10,2569113.21,2158709.88,410403.3300000001,0.1597451324459151,1465379.2671428572,1808046.794,1782797.4203333333,25249.373666666666
2022-01-11,1640806.35,1336967.26,303839.0900000001,0.1851766907167321,1522305.9771428572,1819904.8673333335,1783792.7883333333,36112.079000000005
2022-01-12,1775526.5,1506945.6,268580.8999999999,0.1512683139339232,1660241.5342857144,1841991.7966666666,1795065.138,46926.65866666667
2022-01-13,1173172.99,946254.56,226918.42999999993,0.1934228216420154,1685973.5871428573,1820368.8736666667,1763784.728666667,56584.145000000004
2022-01-14,1548726.82,1300219.1,248507.71999999997,0.16045936364684377,1722225.47,1812862.8173333332,1746574.1166666667,66288.70066666667
2022-01-15,1461990.71,1263054.33,198936.3799999999,0.13607225999404599,1696545.9928571428,1802529.6866666665,1727132.726,75396.96066666667
2022-01-16,2064339.13,1781850.02,282489.10999999987,0.13684239468928727,1747667.9585714287,1822554.1303333333,1735742.5283333333,86811.60199999998
2022-01-17,1621773.2,1340632.16,281141.04000000004,0.17335410401405082,1612333.6714285712,1836128.2213333333,1739853.2536666668,96274.96766666665
2022-01-18,1861205.18,1606509.55,254695.6299999999,0.13684446655150612,1643819.2185714284,1846620.5410000002,1743068.4510000001,103552.08999999998
2022-01-19,2020862.53,1738187.82,282674.70999999996,0.139878247928126,1678867.2228571426,1858090.8456666665,1746264.998,111825.84766666664
2022-01-20,1249233.56,1043117.49,206116.07000000007,0.16499402241483174,1689733.0185714285,1832490.7026666666,1710119.7053333335,122370.99733333332
2022-01-21,1580948.85,1245282.02,335666.8300000001,0.2123198546240127,1694336.1657142856,1807597.712,1675509.53,132088.18199999997
2022-01-22,1758593.8,1468639.94,289953.8600000001,0.16487824533442577,1736708.0357142857,1785687.0326666667,1641776.7446666667,143910.288
2022-01-23,1785338.17,1512426.38,272911.79000000004,0.15286279909648717,1696850.755714286,1796904.63,1642020.9143333333,154883.71566666666
2022-01-24,1915906.28,1601822.71,314083.57000000007,0.16393472545014054,1738869.767142857,1823401.9493333332,1656870.4013333332,166531.54799999998
2022-01-25,2471179.3,1957064.07,514115.22999999975,0.20804448709974213,1826008.927142857,1861867.3106666666,1677480.7603333334,184386.55033333332
2022-01-26,2278973.82,1903209.07,375764.74999999977,0.16488331138441942,1862881.9685714287,1903665.1876666665,1708051.631,195613.5566666666
2022-01-27,1604489.99,1290075.13,314414.8600000001,0.19595937772101657,1913632.8871428573,1895312.7143333333,1689481.0053333335,205831.70899999994
2022-01-28,2792317.48,2306948.5,485368.98,0.17382299236260199,2086685.5485714285,1852883.8003333334,1626090.3653333334,226793.435
2022-01-29,3897632.5,3247780.03,649852.4700000002,0.16673005215345474,2392262.5057142857,1854718.6670000001,1602749.1683333332,251969.49866666665
2022-01-30,3903300.55,3262713.48,640587.0699999998,0.164114205860986,2694828.56,1883455.2256666669,1607457.3733333335,275997.85233333334
2022-01-31,3159829.55,2627738.4,532091.1499999999,0.16839235837895114,2872531.884285714,1891044.3616666666,1594395.87,296648.49166666664
2022-02-01,3672475.88,3092119.13,580356.75,0.15802874381301588,3044145.6814285717,1934728.0576666666,1618504.8040000002,316223.2536666666
2022-02-02,3072419.17,2457270.01,615149.1600000001,0.200216547926304,3157495.0171428574,2018956.5726666667,1684530.4273333333,334426.1453333333
2022-02-03,1056919.3,915391.24,141528.06000000006,0.1339062121393753,3079270.632857143,2012776.57,1679782.333,332994.23699999996
2022-02-04,1135262.35,959597.02,175665.33000000007,0.15473544947562126,2842548.471428571,2023619.395,1688948.7236666668,334670.6713333333
2022-02-05,1325806.77,1094262.79,231543.97999999998,0.1746438359188647,2475144.7957142857,2034711.3333333333,1697834.2699999998,336877.06333333335
2022-02-06,1360544.32,1086414.25,274130.07000000007,0.20148558629828395,2111893.9057142856,2036897.356,1697060.3509999998,339837.005
2022-02-07,1777072.87,1505671.69,271401.18000000017,0.15272372032779957,1914357.2371428572,2041408.2166666666,1701607.6730000002,339800.54366666666
2022-02-08,2324022.32,1858719.97,465302.34999999986,0.20021423460339224,1721721.0142857141,2061992.7816666667,1713853.12,348139.6616666667
2022-02-09,2087968.13,1716217.3,371750.82999999984,0.17804430281222725,1581085.1514285714,2045954.6123333334,1699103.3673333332,346851.245
2022-02-10,1681958.09,1377183.24,304774.8500000001,0.1812024043952249,1670376.407142857,2047326.337,1700443.9,346882.437
2022-02-11,1868277.55,1450465.3,417812.25,0.22363500005660295,1775092.8642857145,2050418.0386666665,1698561.2233333332,351856.8153333334
2022-02-12,2483675.48,2002526.57,481148.9099999999,0.19372454810400588,1940502.68,2094101.4549999998,1733770.2903333332,360331.16466666665
2022-02-13,2471088.82,2037847.39,433241.42999999993,0.17532410267632548,2099151.8942857143,2124846.855,1758357.9,366488.95499999996
2022-02-14,2477651.08,2066561.36,411089.72,0.16591913337530964,2199234.495714286,2158702.200666667,1785141.4676666665,373560.733
2022-02-15,2911470.49,2304155.38,607315.1100000003,0.20859394319329003,2283155.6628571427,2186939.912666667,1802551.6463333333,384388.26633333333
2022-02-16,3189077.73,2624063.44,565014.29,0.1771716896972593,2440457.034285714,2239183.397,1845332.6889999998,393850.708
2022-02-17,2365001.98,1930644.21,434357.77,0.1836606369352807,2538034.7328571426,2255976.6236666664,1856137.1776666667,399839.44599999994
2022-02-18,2218074.92,1902787.38,315287.54000000004,0.14214467561808058,2588005.785714286,2262550.37,1861623.8296666667,400926.54033333337
2022-02-19,2497284.24,2073056.25,424227.9900000002,0.1698757326879219,2589949.8942857147,2304152.0593333333,1895955.1216666666,408196.9376666667
2022-02-20,3274514.0,2808978.4,465535.6000000001,0.14216937230990617,2704724.9200000004,2360604.231,1948078.3343333334,412525.89666666667
2022-02-21,3231879.49,2662096.96,569782.5300000003,0.17630067326551221,2812471.8357142857,2409713.7539999997,1987860.2349999999,421853.5190000001
2022-02-22,3646117.64,3080342.28,565775.3600000003,0.15517199823536146,2917421.4285714286,2471739.736333333,2040124.0983333334,431615.63800000004
2022-02-23,3297595.34,2768284.27,529311.0699999998,0.16051425824734453,2932923.944285714,2517796.0383333336,2079006.1503333333,438789.88800000004
2022-02-24,2768850.97,2337359.85,431491.1200000001,0.15583761086281941,2990616.6571428576,2527718.427333333,2091682.6763333334,436035.75100000005
2022-02-25,2943786.98,2445090.2,498696.7799999998,0.16940654449120493,3094289.8085714285,2549878.866,2109745.3806666667,440133.48533333343
2022-02-26,6304749.98,4896174.07,1408575.9100000001,0.22341503064646506,3638213.4857142856,2706554.199,2229948.6786666666,476605.52033333335
2022-02-27,5652340.75,4889448.26,762892.4900000002,0.13496930276186908,3977903.021428571,2801888.308,2316032.0039999997,485856.3040000001
2022-02-28,6007208.86,4942844.92,1064363.9400000004,0.17718111102932424,4374378.645714286,2872207.5200000005,2372534.1670000004,499673.35300000006
2022-03-01,4532724.33,3774772.1,757952.23,0.1672178087212288,4501036.744285715,2893188.312666667,2389602.7876666663,503585.5250000001
2022-03-02,5221766.09,4446394.75,775371.3399999999,0.1484883326131523,4775918.28,2961919.5306666666,2450224.6659999997,511694.8646666667
2022-03-03,1113577.08,936517.95,177059.13000000012,0.15900033610605574,4539450.581428572,2876622.904,2378371.2933333335,498251.6106666667
2022-03-04,1265611.41,1001621.35,263990.05999999994,0.20858697852605482,4299711.214285715,2816395.9786666664,2329849.6713333335,486546.30733333336
2022-03-05,1917604.21,1671253.56,246350.6499999999,0.1284679334324156,3672976.104285714,2845085.4756666664,2355045.082,490040.39366666676
2022-03-06,2406752.08,1881208.83,525543.25,0.2183620217334558,3209320.5799999996,2887468.466666667,2385765.4756666664,501702.9910000001
2022-03-07,3077438.94,2603663.56,473775.3799999999,0.15395118773664437,2790782.02,2945856.205666667,2436078.8346666666,509777.37100000004
2022-03-08,3777839.97,3199498.52,578341.4500000002,0.15308786359206214,2682941.3971428573,3026432.727333334,2506514.977,519917.7503333334
2022-03-09,4138590.91,3354044.48,784546.4300000002,0.18956849011201257,2528202.0857142857,3105149.9953333335,2568127.4033333333,537022.5920000001
2022-03-10,3544992.79,2897669.69,647323.1000000001,0.1826020921187826,2875547.187142857,3145849.0110000004,2602759.0606666664,543089.9503333333
2022-03-11,3499825.21,2868355.02,631470.19,0.18042906491321603,3194720.5871428573,3192910.9136666665,2641163.6513333335,551747.2623333334
2022-03-12,3731020.06,3230097.43,500922.6299999999,0.13425889487176862,3453779.9942857143,3261212.9793333337,2702927.4576666667,558285.5216666667
2022-03-13,4026635.22,3346220.86,680414.3600000003,0.16897839581306803,3685191.8714285716,3333158.235,2766119.309666666,567038.9253333334
2022-03-14,4709281.9,3928279.43,781002.4700000002,0.16584321911160174,3918312.294285714,3407345.115666667,2830311.071666667,577034.0440000001
2022-03-15,4619237.89,3907599.13,711638.7599999998,0.15405977716380392,4038511.9971428574,3478950.0846666666,2892636.1296666665,586313.9550000001
2022-03-16,4519934.96,3787149.37,732785.5899999999,0.16212303860230765,4092989.7185714287,3547026.214,2949989.0633333335,597037.1506666667
2022-03-17,5222281.22,4421275.88,801005.3399999999,0.15338226844857655,4332602.351428571,3624053.2383333337,3020559.746666667,603493.4916666667
2022-03-18,4426435.98,3648313.01,778122.9700000007,0.17578995234897773,4464975.318571429,3665298.5133333337,3054701.3989999997,610597.1143333334
2022-03-19,4313906.61,3587200.12,726706.4900000002,0.16845670425860243,4548244.8257142855,3730262.001,3109919.9293333334,620342.0716666668
2022-03-20,4198964.15,3744253.09,454711.0600000005,0.10829124606839058,4572863.244285715,3796291.6419999995,3171302.1196666667,624989.5223333335
2022-03-21,4036051.82,3737447.21,298604.60999999987,0.0739843350177798,4476687.518571429,3847583.8946666666,3226781.818333334,620802.0763333334
2022-03-22,4626820.15,4342565.79,284254.36000000034,0.061436224185199916,4477770.698571429,3892660.7663333337,3277901.398,614759.3683333334
2022-03-23,5301842.45,4915987.31,385855.1400000006,0.0727775567906588,4589471.768571428,3961659.5316666667,3353031.0763333337,608628.4553333335
2022-03-24,5052034.89,4744310.26,307724.6299999999,0.06091102628944827,4565150.864285714,4008523.44,3408496.675666667,600026.7643333334
2022-03-25,4122489.22,4014534.97,107954.25,0.026186666414133156,4521729.898571429,4036019.9026666665,3450038.3656666665,585981.5370000001
2022-03-26,4325007.4,4010228.32,314779.08000000054,0.0727811656460982,4523315.725714286,4087891.783666667,3505800.648,582091.1356666668
2022-03-27,5169170.11,4775502.11,393668.0,0.07615690558111657,4661916.577142857,4162071.2213333333,3583481.045,578590.1763333335
2022-03-28,4855258.01,4607293.73,247964.27999999933,0.051071287970543784,4778946.032857143,4113754.8223333335,3573851.7003333336,539903.1220000001
2022-03-29,4908504.49,4613958.54,294545.9500000002,0.06000726913871075,4819186.6528571425,4088960.280333333,3564668.709666667,524291.5706666667
2022-03-30,11643208.73,10896036.48,747172.25,0.06417236582513797,5725096.121428572,4276826.942666667,3763108.428333333,513718.5143333334
2022-03-31,9233141.0,8773718.15,459422.8499999996,0.04975802384042436,6322396.994285715,4433507.498333333,3929739.9633333334,503767.53500000003
2022-04-01,8299060.74,8041756.19,257304.5499999998,0.031004056731364495,6919050.068571429,4536083.986666666,4049585.344666667,486498.64200000005
2022-04-02,8289456.22,7808017.19,481439.02999999933,0.05807848153397924,7485399.899999999,4775279.958000001,4278635.3193333335,496644.63866666675
2022-04-03,6547965.12,6148445.74,399519.3799999999,0.061014280418158345,7682370.615714285,4951358.415000001,4450196.132333334,501162.28266666667
2022-04-04,1974536.55,1802524.97,172011.58000000007,0.0871149131172072,7270838.978571429,4953256.159666668,4454571.846,498684.3136666667
2022-04-05,3017582.3,2782222.29,235360.00999999978,0.07799621902607255,7000707.237142856,4973617.166999999,4484605.6280000005,489011.539
2022-04-06,2934004.6,2645021.55,288983.0500000003,0.09849440931346878,5756535.218571429,4968836.022333333,4485984.227666667,482851.7946666667
2022-04-07,1947894.58,1833343.52,114551.06000000006,0.058807628080160296,4715785.7299999995,4907837.842666667,4440445.727666667,467392.11500000005
2022-04-08,2516364.3,2311523.71,204840.58999999985,0.08140339218768915,3889686.238571428,4853763.622333333,4405695.035333334,448068.58700000006
2022-04-09,3523261.24,3380510.41,142750.83000000007,0.04051667482936919,3208801.2414285713,4853039.237333333,4421789.726,431249.5113333334
2022-04-10,3747690.93,3511278.1,236412.83000000007,0.06308226436377988,2808762.0714285714,4861301.428,4443220.4953333335,418080.9326666667
2022-04-11,4187283.4,3982564.11,204719.29000000004,0.04889071754732437,3124868.764285714,4876510.206,4468302.718,408207.488
2022-04-12,4300020.35,4061975.74,238044.6099999994,0.05535894963845914,3308074.1999999997,4885623.043666666,4492161.214000001,393461.8296666666
2022-04-13,4888627.31,4546028.85,342598.45999999996,0.07008070737959364,3587306.0157142854,4891601.224,4512752.861333334,378848.3626666667
2022-04-14,4670014.27,4407778.78,262235.4899999993,0.05615303826469877,3976180.2571428567,4893293.77,4529425.516333333,363868.2536666666
2022-04-15,4908291.49,4288050.23,620241.2599999998,0.12636601987955687,4317884.141428572,4906238.9876666665,4546122.211666667,360116.77599999995
2022-04-16,5147946.06,4540748.11,607197.9499999993,0.1179495555942168,4549981.972857143,4903761.149,4550104.619333333,353656.52966666664
2022-04-17,4470361.38,3877207.22,593154.1599999997,0.13268595300901595,4653220.608571428,4905225.329,4557734.426333333,347490.9026666666
2022-04-18,3680888.01,2995894.73,684993.2799999998,0.1860945723257687,4580878.41,4884124.709000001,4538024.246666667,346100.4623333333
2022-04-19,4426735.65,3630694.51,796041.1400000006,0.17982576845310394,4598980.595714285,4891717.092333333,4534238.960666667,357478.1316666666
2022-04-20,4874458.71,4017615.85,856842.8599999999,0.17578215571755246,4596956.51,4919663.988666667,4543577.915333333,376086.07333333325
2022-04-21,2926459.0,2418771.53,507687.4700000002,0.17348183248082416,4347877.185714286,4862985.283666667,4479451.44,383533.84366666654
2022-04-22,4609506.19,3890393.56,719112.6300000004,0.15600643547459914,4305193.571428572,4839907.408333333,4445264.981666666,394642.4266666666
2022-04-23,4709847.04,3925675.06,784171.98,0.166496273305725,4242607.997142857,4828501.146666666,4417977.141666667,410524.0049999999
2022-04-24,5020542.99,4173556.86,846986.1300000004,0.1687040887184994,4321205.37,4858436.272333333,4423277.871333334,435158.4009999999
2022-04-25,4873788.42,3954819.04,918969.3799999999,0.18855340051876932,4491619.714285715,4876728.973,4421430.895333333,455298.07766666653
2022-04-26,5688161.6,4770812.83,917348.7699999996,0.16127333126400623,4671823.421428571,4894028.689333334,4421274.586,472754.1033333332
2022-04-27,5361513.76,4376745.35,984768.4100000001,0.18367357691906777,4741402.714285715,4910903.881,4413589.64,497314.24099999986
2022-04-28,5590934.3,4645081.23,945853.0699999994,0.16917620906401984,5122042.042857142,4933651.541333334,4414627.063,519024.4783333333
2022-04-29,7579535.07,6187238.79,1392296.2800000003,0.1836915149994814,5546331.882857143,4798195.752666667,4257667.14,540528.6126666666
2022-04-30,6592777.23,5405333.92,1187443.3100000005,0.18011276106776633,5815321.909999999,4710183.627,4145387.665666667,564795.9613333333
2022-05-01,5680859.44,4706859.17,974000.2700000005,0.17145297824865746,5909652.831428572,4622910.250333333,4034224.4316666666,588685.8186666666
2022-05-02,4291036.44,3434252.59,856783.8500000006,0.19966827641295923,5826402.548571429,4489629.591,3888432.278333334,601197.3126666668
2022-05-03,5504853.65,4531490.74,973362.9100000001,0.17681903496199214,5800215.698571429,4454859.208666666,3834533.7783333333,620325.4303333333
2022-05-04,1792730.62,1492900.17,299830.4500000002,0.16724791034137643,5290389.535714285,4448799.011,3824212.9516666667,624586.0593333334
2022-05-05,3556300.98,2916616.09,639684.8900000001,0.17987366468627752,4999727.632857143,4466756.300333333,3828692.745,638063.5553333333
2022-05-06,2532060.94,2027456.78,504604.1599999999,0.19928594609575231,4278659.9,4453358.178333333,3808107.252666667,645250.9256666667
2022-05-07,3620303.23,3000039.1,620264.1299999999,0.17132933088591032,3854020.757142857,4509105.133333334,3846997.1053333334,662108.028
2022-05-08,2468343.71,1923320.47,545023.24,0.22080524595985054,3395089.9385714284,4507504.447,3834056.9973333334,673447.4496666666
2022-05-09,2985986.67,2430054.67,555932.0,0.18618033549359414,3208654.257142857,4489595.294666667,3802375.1393333334,687220.1553333333
2022-05-10,3668495.19,2955983.75,712511.44,0.19422444438314773,2946317.334285714,4486955.4366666665,3783865.327666667,703090.1089999999
2022-05-11,4347378.73,3521156.43,826222.3000000003,0.1900506837139538,3311267.064285714,4492291.9476666665,3768485.0716666663,723806.876
2022-05-12,4753134.02,3878195.49,874938.5299999993,0.18407613299319497,3482243.212857143,4507395.736666666,3762359.0633333335,745036.6733333333
2022-05-13,3479131.38,2953956.65,525174.73,0.15094995636525804,3617538.9899999998,4460412.539,3709289.9899999998,751122.549
2022-05-14,4406804.98,3730445.32,676359.6600000006,0.153480733336196,3729896.382857143,4451638.896,3686712.2079999996,764926.688
2022-05-15,4455089.7,3604418.84,850670.8600000003,0.1909435987338258,4013717.238571428,4436532.169666667,3663924.495,772607.6746666668
2022-05-16,4323621.35,3469983.75,853637.5999999996,0.19743579071742712,4204807.907142857,4409054.679333334,3628232.349666667,780822.3296666667
2022-05-17,4158982.96,3363524.3,795458.6600000001,0.19126278411104627,4274877.588571428,4398675.398666667,3611109.5856666667,787565.813
2022-05-18,6094171.87,4997123.61,1097048.2599999998,0.18001596991389082,4524419.465714285,4479118.194,3677817.2150000003,801300.9790000002
2022-05-19,5824908.18,4737898.72,1087009.46,0.1866140077078434,4677530.06,4525723.944999999,3714724.022,810999.9230000001
2022-05-20,2226534.2,1797128.71,429405.4900000002,0.19285825027973977,4498587.605714286,4437459.794666667,3640707.784,796752.0106666668
2022-05-21,4033154.28,3341369.82,691784.46,0.17152442281479002,4445208.934285714,4474349.6373333335,3671461.0603333334,802888.577
2022-05-22,5000275.74,4124194.76,876080.9800000004,0.17520653371007905,4523092.654285714,4487375.289000001,3679254.4336666665,808120.8553333335
2022-05-23,3647180.26,3055864.88,591315.3799999999,0.1621294638176178,4426458.212857143,4451953.063,3650260.761,801692.302
2022-05-24,4442598.36,3584450.45,858147.9100000001,0.19316351388559916,4466974.698571429,4432688.242000001,3630623.8806666667,802064.3613333334
2022-05-25,6573956.43,5501922.55,1072033.88,0.16307286052396303,4535515.35,4489360.509000001,3682193.9976666667,807166.5113333333
2022-05-26,6284218.49,5141408.99,1142809.5,0.18185387758534155,4601131.108571429,4509229.072,3694547.2029999997,814681.8690000001
2022-05-27,3652675.9,2933129.2,719546.6999999997,0.19699166301614654,4804865.637142858,4452267.81,3646426.6646666666,805841.1453333333
2022-05-28,3223975.84,2664148.14,559827.6999999997,0.17364512880468724,4689268.717142857,4373369.194666667,3580395.5616666665,792973.633
2022-05-29,5327455.25,4413502.81,913952.4400000004,0.17155516041171823,4736008.647142857,4298299.867333333,3521271.029,777028.8383333334
2022-05-30,8158502.0,6931185.72,1227316.2800000003,0.1504340233047685,5380483.181428571,4350490.693,3572132.7556666667,778357.9373333334
2022-05-31,8513166.37,6787523.6,1725642.7699999996,0.20270281291354578,5961992.897142857,4444900.924,3641488.2366666663,803412.6873333334
2022-06-01,8373363.4,7038218.52,1335144.8800000008,0.15945144337101155,6219051.035714285,4580978.489333333,3761620.434333333,819358.0549999999
2022-06-02,8325437.52,6796380.79,1529056.7299999995,0.18366082579165155,6510653.754285715,4674997.951666666,3837116.7693333332,837881.1823333333
2022-06-03,6585522.44,5345747.87,1239774.5700000003,0.1882575879583519,6929631.831428572,4834757.679,3965545.026,869212.653
2022-06-04,2998952.42,2492875.15,506077.27,0.16875135017980714,6897485.628571428,4816179.393666667,3951420.3279999997,864759.0656666666
2022-06-05,2945501.79,2481566.23,463935.56000000006,0.15750646004530183,6557206.562857144,4829960.755333333,3966557.309666666,863403.4456666667
2022-06-06,3100859.0,2519872.17,580986.8300000001,0.187363188716417,5834686.134285714,4812645.9476666665,3950551.7453333335,862094.2023333333
2022-06-07,3673238.8,3096187.02,577051.7799999998,0.1570961789905954,5143267.909999999,4852809.117333334,3989647.297,863161.8203333335
2022-06-08,3686799.9,3086016.13,600783.77,0.16295535051956578,4473758.838571428,4876169.558333334,4011512.6789999995,864656.8793333335
2022-06-09,2619038.14,2169844.13,449194.01000000024,0.1715110609271235,3658558.9271428576,4841187.656666666,3985308.025,855879.6316666667
2022-06-10,3369544.01,2830537.04,539006.9699999997,0.159964365623466,3199133.437142857,4808593.165999999,3962287.378666667,846305.7873333334
2022-06-11,4463584.56,3478666.52,984918.0399999996,0.22065629692024916,3408366.6,4798941.517333332,3948969.746333333,849971.7710000001
2022-06-12,4561669.81,3820200.11,741469.6999999997,0.16254348317244816,3639247.7457142854,4835026.131666666,3977844.528333334,857181.6033333334
2022-06-13,4221162.05,3579316.15,641845.8999999999,0.15205431404842654,3799291.038571428,4828838.034,3972806.889333333,856031.1446666666
2022-06-14,4843640.76,3943051.0,900589.7599999998,0.18593240180760223,3966491.318571429,4841789.736,3984094.6279999996,857695.1079999999
2022-06-15,4969823.53,4197066.37,772757.1600000001,0.155489859013163,4149780.4085714286,4863329.808666666,4008330.7153333332,854999.0933333334
2022-06-16,4143877.35,3546880.86,596996.4900000002,0.14406712351175166,4367614.581428571,4862826.288333333,4014442.6006666664,848383.6876666666
2022-06-17,4914374.7,4127718.74,786655.96,0.16007244217662114,4588304.68,4823499.716000001,3985462.438333333,838037.2776666667
2022-06-18,4817780.87,3824360.06,993420.81,0.20619883651951984,4638904.1528571425,4789928.8056666665,3955011.1496666665,834917.656
2022-06-19,3795086.21,3161112.99,633973.2199999997,0.16705107207564587,4529392.21,4842213.872666666,4000477.2923333338,841736.5803333333
2022-06-20,3323030.57,2753309.16,569721.4099999997,0.17144633430200423,4401087.712857143,4818543.082333333,3980875.2703333334,837667.812
2022-06-21,4271838.09,3517936.59,753901.5,0.1764817589329562,4319401.617142857,4794261.827333333,3960666.664666667,833595.1626666667
2022-06-22,5182306.11,4283552.22,898753.8900000006,0.17342740295979941,4349756.271428571,4845432.689,4001589.576,843843.113
2022-06-23,3276933.23,2698817.37,578115.8599999999,0.176419786252404,4225907.111428572,4806577.184666666,3972068.473333333,834508.7113333333
2022-06-24,4334289.08,3840132.24,494156.83999999985,0.11401104792022775,4143037.7371428567,4731921.606333333,3916675.463,815246.1433333333
2022-06-25,3650772.37,3465656.03,185116.34000000032,0.05070607565708084,3976322.237142857,4644140.069000001,3860817.0310000004,783323.0380000001
2022-06-26,3313898.55,3251613.07,62285.47999999998,0.01879522835724708,3907581.1428571427,4632847.490666667,3871433.1599999997,761414.3306666667
2022-06-27,3481464.68,3545701.77,-64237.08999999985,-0.01845116808710518,3930214.5871428573,4641430.4520000005,3900818.281,740612.1710000001
2022-06-28,5799352.35,5797836.84,1515.5099999997765,0.00026132400801613247,4148430.9099999997,4657160.355333333,3946962.7486666664,710197.6066666667
2022-06-29,7265484.49,7471904.08,-206419.58999999985,-0.028410987633943712,4446027.821428572,4627393.105,3964986.6939999997,662406.411
2022-06-30,5503799.91,5548808.71,-45008.799999999814,-0.008177768221228779,4764151.632857143,4527080.889666666,3923696.197666667,603384.6919999999
2022-07-01,5150082.22,5158929.6,-8847.379999999888,-0.001717910437554119,4880693.51,4419638.183666667,3861053.233666667,558584.95
2022-07-02,4591824.74,4681370.69,-89545.95000000019,-0.019501168940520185,5015129.562857143,4295184.424333333,3790552.897,504631.52733333333
2022-07-03,3487232.0,3467227.39,20004.60999999987,0.005736529717552451,5039891.484285714,4191908.0763333333,3727935.5476666666,463972.52866666665
2022-07-04,1208545.64,1210803.29,-2257.6500000001397,-0.00186807177592411,4715188.764285714,4132227.850333333,3685199.819,447028.0313333333
2022-07-05,1079245.09,1067117.75,12127.340000000084,0.01123687298869257,4040887.727142857,4070019.293666667,3638051.5363333332,431967.7573333333
2022-07-06,2003115.26,1958001.67,45113.590000000084,0.02252171450184054,3289120.694285714,4033427.8356666667,3619322.5196666666,414105.316
2022-07-07,2178171.4,2191625.58,-13454.180000000168,-0.006176823366609335,2814030.9071428576,3983592.2556666667,3589170.4716666667,394421.7839999999
2022-07-08,1881078.1,1982500.01,-101421.90999999992,-0.053916905417164714,2347030.318571429,3923401.529,3552386.6010000003,371014.928
2022-07-09,1988747.3,2091746.39,-102999.08999999985,-0.05179093894935764,1975162.1128571427,3902391.834333333,3549783.343,352608.49133333325
2022-07-10,2250020.87,2249417.16,603.7099999999627,0.00026831306680278157,1798417.6657142858,3865074.3963333336,3530412.6803333336,334661.716
2022-07-11,3085208.06,3120714.69,-35506.62999999989,-0.01150866629072656,2066512.2971428572,3819128.513,3518480.952666667,300647.56033333327
2022-07-12,3275001.85,3465716.5,-190714.6499999999,-0.05823344802080033,2380191.834285714,3776239.5810000002,3506664.8323333333,269574.7486666667
2022-07-13,3331997.68,3265956.0,66041.68000000017,0.019820445973419816,2570032.18,3746600.768666667,3496219.4940000004,250381.27466666666
2022-07-14,3428606.64,3482102.84,-53496.19999999972,-0.015602898091569851,2748665.785714286,3699432.9646666665,3480854.5553333336,218578.40933333337
2022-07-15,3272104.3,3382105.17,-110000.87000000011,-0.03361777618152335,2947383.814285714,3642842.323666667,3453689.1819999996,189153.14166666666
2022-07-16,3060600.17,3054594.29,6005.879999999888,0.0019623210045106574,3100505.652857143,3606733.084333333,3437279.6296666665,169453.4546666667
2022-07-17,3238870.01,3239433.47,-563.4600000004284,-0.0001739680809235158,3241769.8157142857,3550882.9280000003,3407670.120666667,143212.80733333336
2022-07-18,3305333.1,3363292.96,-57959.85999999987,-0.017535255372597657,3273216.25,3500468.0023333333,3392301.2173333336,108166.785
2022-07-19,3101945.44,3019090.18,82855.25999999978,0.02671074059897062,3248493.9057142856,3477363.3100000005,3387567.1236666664,89796.18633333335
2022-07-20,3436240.82,3222539.9,213700.91999999993,0.062190321107936763,3263385.782857143,3481136.985,3403208.1483333334,77928.83666666668
2022-07-21,3596036.01,3119249.05,476786.95999999996,0.13258681466874409,3287304.2642857144,3458610.249,3389918.5636666664,68691.68533333336
2022-07-22,2771453.13,2364982.84,406470.29000000004,0.14666323799601838,3215782.6685714284,3378248.483,3325966.251,52282.231999999996
2022-07-23,4190232.53,3612754.83,577477.6999999997,0.13781519184568972,3377158.7199999997,3408691.793,3356430.833,52260.95999999999
2022-07-24,3833852.9,3118207.38,715645.52,0.18666483526271965,3462156.2757142857,3392010.587,3332366.6709999996,59643.916
2022-07-25,2614143.21,2099890.98,514252.23,0.19671922641147116,3363414.862857143,3357456.2816666667,3286841.169333333,70615.11233333332
2022-07-26,3176075.37,2651641.17,524434.2000000002,0.16512019990256094,3374004.8528571427,3352862.175666667,3266842.106,86020.06966666666
2022-07-27,4214912.76,3467925.47,746987.2899999996,0.17722485198009166,3485243.7014285713,3377310.445,3264249.562666667,113060.88233333331
2022-07-28,4859620.98,3942867.94,916753.0400000005,0.18864702489616803,3665755.84,3345986.066,3202417.2660000003,143568.8
2022-07-29,3226100.81,2681143.22,544957.5899999999,0.16892143863291112,3730705.5085714282,3211339.9433333334,3042725.2373333336,168614.70599999998
2022-07-30,2682461.47,2137462.32,544999.1500000004,0.2031712873027773,3515309.642857143,3117295.3286666665,2929013.6909999996,188281.63766666668
2022-07-31,4622917.86,3735517.99,887399.8700000001,0.19195665959766806,3628033.208571429,3099723.183333333,2881566.6373333335,218156.546
2022-08-01,4081818.17,3201046.8,880771.3700000001,0.21577917813031836,3837701.06,3082722.9643333335,2832222.507666667,250500.45666666667
2022-08-02,4490226.96,3711709.11,778517.8500000001,0.17338051215121653,4025437.0014285715,3116156.1296666665,2840371.8983333334,275784.2313333333
2022-08-03,5085558.26,4209543.55,876014.71,0.17225536808617742,4149814.93,3245389.8836666667,2940329.9069999997,305059.9766666667
2022-08-04,4345026.44,3614349.89,730676.5500000003,0.16816389039050364,4076301.424285714,3354249.262,3025237.645,329011.617
2022-08-05,2114789.45,1780212.48,334576.9700000002,0.15820817055806674,3917542.658571429,3357971.735,3019311.3386666668,338660.39633333334
2022-08-06,2325289.52,2017328.21,307961.31000000006,0.13243998536577933,3866518.0942857144,3362875.672333333,3013501.426333333,349374.24600000004
2022-08-07,2331541.43,1882527.46,449013.9700000002,0.19258245391762144,3539178.604285714,3377891.1166666667,3010169.0080000004,367722.1086666667
2022-08-08,3054473.91,2576748.48,477725.43000000017,0.15640186954486054,3392415.138571429,3413415.337,3026335.7443333333,387079.5926666667
2022-08-09,2488386.71,1932711.49,555675.22,0.22330742153819008,3106437.9600000004,3421360.8649999998,3015778.8886666666,405581.97633333335
2022-08-10,2963483.62,2399743.47,563740.1499999999,0.19022887327448765,2803284.44,3417303.3836666667,2991746.5146666667,425556.869
2022-08-11,3674343.1,3109434.98,564908.1200000001,0.15374397671246326,2707472.5342857144,3430614.7586666667,2979870.464,450744.2946666667
2022-08-12,2787707.25,2241846.4,545860.8500000001,0.1958099617526195,2803603.648571429,3412471.744333334,2945733.477333333,466738.267
2022-08-13,1789226.45,1446390.99,342835.45999999996,0.19161099479610308,2727023.2100000004,3357825.738,2877876.415666667,479949.3223333334
2022-08-14,2557373.24,2109123.95,448249.29000000004,0.17527722703472098,2759284.8971428573,3334001.369333334,2835443.7083333335,498557.661
2022-08-15,3869248.63,3309171.5,560077.1299999999,0.14475087634779363,2875681.285714286,3360956.3180000004,2843929.615333333,517026.7026666667
2022-08-16,3139997.28,2622848.5,517148.7799999998,0.16469720636191118,2968768.5100000002,3357660.5603333334,2823376.783,534283.7773333334
2022-08-17,3480892.06,2948849.64,532042.4199999999,0.15284657232376228,3042684.0014285715,3363512.525666667,2809562.0056666667,553950.52
2022-08-18,4171974.77,3471070.42,700904.3500000001,0.16800301742956134,3113774.2399999998,3399180.17,2824628.0136666666,574552.1563333333
2022-08-19,2011108.63,1643391.76,367716.8699999999,0.18284286811498587,3002831.5799999996,3351675.7636666666,2771989.742333333,579686.0213333333
2022-08-20,2479005.37,2092133.98,386871.39000000013,0.15605911737093175,3101371.4257142856,3314441.409,2737752.5733333332,576688.8356666669
2022-08-21,2235990.02,1905397.24,330592.78,0.14785074040715085,3055459.537142857,3296592.6386666666,2722433.053333333,574159.5853333332
2022-08-22,3743695.22,3095599.8,648095.4200000004,0.1731165017220607,3037523.3357142857,3281708.0616666665,2705194.552333333,576513.5093333333
2022-08-23,2422220.1,1951701.71,470518.39000000013,0.19425088166017618,2934983.738571428,3234653.6350000002,2666311.0300000003,568342.6050000001
2022-08-24,3292983.26,2679505.93,613477.3299999996,0.18629834455945568,2908139.6242857142,3257281.6366666663,2685631.5283333333,571650.1083333333
2022-08-25,3512475.16,2996327.54,516147.6200000001,0.14694698082932495,2813925.3942857147,3268494.963,2697121.074,571373.8890000001
2022-08-26,3544046.7,2980867.4,563179.3000000003,0.1589085437277111,3032916.547142857,3246132.7610000004,2680885.8049999997,565246.9560000001
2022-08-27,2367664.33,1897436.06,470228.27,0.19860428019372156,3017010.6842857143,3163067.5393333337,2612704.742333333,550362.797
2022-08-28,7051722.27,5879145.36,1172576.9099999992,0.166282344242125,3704972.4342857143,3290588.2546666665,2719304.8136666664,571283.441
2022-08-29,7928796.83,6503005.43,1425791.4000000004,0.17982443371549986,4302844.092857143,3465466.1,2864822.9173333338,600643.1826666667
2022-08-30,6574345.89,5482415.72,1091930.17,0.1660895529790873,4896004.92,3530513.701,2923052.841666667,607460.8593333333
2022-08-31,7627532.44,6341793.09,1285739.3500000006,0.1685655695487282,5515226.231428571,3648704.1766666668,3027744.384666667,620959.792
2022-09-01,6284732.49,5155753.38,1128979.1100000003,0.1796383715291596,5911262.992857143,3708521.027666667,3075879.1936666667,632641.8340000001
2022-09-02,1902817.9,1746845.19,155972.70999999996,0.0819693308539929,5676801.735714286,3602429.6823333334,2993789.2483333335,608640.434
2022-09-03,1443083.36,1319555.66,123527.70000000019,0.08559983672738086,5544718.74,3505698.246333333,2917296.107333333,588402.1390000001
2022-09-04,1814811.35,1668265.18,146546.17000000016,0.08075008457490646,4796588.608571428,3495698.9763333336,2913564.5306666666,582134.4456666667
2022-09-05,2214621.47,2091481.45,123140.02000000025,0.05560319073399042,3980277.8428571424,3492010.0413333336,2916036.3053333336,575973.736
2022-09-06,1440405.44,1324005.11,116400.32999999984,0.08081080976756089,3246857.7785714283,3462305.5083333333,2897418.893666667,564886.6146666667
2022-09-07,1890879.55,1717460.94,173418.6100000001,0.09171319770209588,2427335.937142857,3423519.029666667,2868775.975666667,554743.054
2022-09-08,3137260.99,2854328.48,282932.51000000024,0.0901845625537199,1977697.1514285714,3445148.172333333,2899496.542,545651.6303333334
2022-09-09,1905843.43,1773901.8,131941.6299999999,0.06923004687746039,1978129.3699999999,3409893.4993333337,2878635.153,531258.3463333334
2022-09-10,3003150.84,2629180.97,373969.86999999965,0.1245258363379442,2200996.152857143,3387520.424,2862626.6859999998,524893.738
2022-09-11,3574194.77,3355823.68,218371.08999999985,0.06109658372086976,2452336.6414285717,3413736.6746666664,2899759.262,513977.41266666667
2022-09-12,3415849.51,3102681.39,313168.11999999965,0.09168088906820712,2623940.6471428573,3467957.443333334,2954968.942,512988.5013333333
2022-09-13,2521208.91,2449598.89,71610.02000000002,0.02840304891671988,2778341.1428571427,3466751.9656666666,2966318.106666667,500433.85900000005
2022-09-14,2125189.04,1992207.12,132981.91999999993,0.06257416046150883,2811813.9271428576,3408616.6459999997,2922419.294,486197.352
2022-09-15,3154006.65,2833555.37,320451.2799999998,0.10160133302191986,2814206.1642857143,3409083.625,2929442.8563333335,479640.7686666667
2022-09-16,2557894.76,2402816.85,155077.90999999968,0.06062716591201731,2907356.354285714,3378317.0483333333,2911241.7633333337,467075.28500000003
2022-09-17,1810510.0,1735920.18,74589.82000000007,0.041198236960856366,2736979.0914285714,3299601.5560000003,2853403.4220000003,446198.13399999996
2022-09-18,2355578.71,2098692.33,256886.3799999999,0.10905446670470201,2562891.0828571427,3311083.892,2868580.1076666666,442503.7843333333
2022-09-19,2832515.44,2618684.64,213830.7999999998,0.0754914861117226,2479557.6442857147,3322867.5609999998,2886131.7963333335,436735.7646666667
2022-09-20,1813002.77,1685796.46,127206.31000000006,0.0701633290940863,2378385.338571429,3308767.986,2878811.7703333334,429956.2156666666
2022-09-21,2262085.02,2156585.58,105499.43999999994,0.046638140948389264,2397941.9071428566,3259380.9793333337,2847511.2963333335,411869.68299999996
2022-09-22,3106149.95,2910964.29,195185.66000000015,0.0628384537584865,2391105.2357142856,3282178.6410000003,2879486.7156666666,402691.92533333326
2022-09-23,2634119.24,2453809.45,180309.79000000004,0.06845164306229358,2401994.4471428576,3260216.507,2871963.499666667,388253.0073333334
2022-09-24,2896411.14,2694695.72,201715.41999999993,0.0696432275149998,2557123.1814285717,3239681.0396666666,2861909.1056666668,377771.934
2022-09-25,3041369.47,2753150.12,288219.3500000001,0.09476630604830792,2655093.29,3222925.132,2854318.529666667,368606.6023333333
2022-09-26,5205389.57,4849044.63,356344.9400000004,0.06845692050672018,2994075.308571429,3317515.973333333,2952705.4820000003,364810.49133333337
2022-09-27,4259834.95,3803492.23,456342.7200000002,0.10712685476229547,3343622.7628571433,3224453.0626666667,2883517.044333333,340936.01833333337
2022-09-28,4257301.76,3860995.61,396306.1499999999,0.09308857401736069,3628653.725714286,3102069.893666667,2795450.050333333,306619.8433333334
2022-09-29,4352754.23,4023586.93,329167.3000000003,0.07562276264791551,3806740.0514285713,3028016.8383333334,2746822.424,281194.4143333333
2022-09-30,2551313.88,2332362.64,218951.23999999976,0.08581901337831462,3794910.714285714,2858809.5530000003,2613174.742333333,245634.8106666667
2022-10-01,1469771.93,1293984.1,175787.82999999984,0.11960211405044309,3591105.1128571434,2698310.867666667,2484449.0996666667,213861.76799999998
2022-10-02,1289798.82,1015484.47,274314.3500000001,0.2126799511260214,3340880.7342857146,2677876.8983333334,2460070.409,217806.48933333333
2022-10-03,2179072.88,1799910.69,379162.18999999994,0.17400161026280128,2908549.778571429,2702409.882333333,2476082.2433333336,226327.63899999997
2022-10-04,2751920.12,2302490.12,449430.0,0.16331506017696473,2693133.374285714,2733646.841333333,2497223.0746666663,236423.76666666663
2022-10-05,1527341.84,1209546.76,317795.0800000001,0.208070696210352,2303139.1,2710737.5203333334,2467825.2516666665,242912.2686666666
2022-10-06,2026518.43,1678609.18,347909.25,0.17167830543737025,1970819.6999999997,2730274.6199999996,2479645.387333333,250629.23266666662
2022-10-07,1406363.3,1112130.94,294232.3600000001,0.2092150442207928,1807255.3314285714,2714124.078333333,2459467.720666667,254656.35766666665
2022-10-08,2137543.63,1805932.34,331611.2899999998,0.15513661819384703,1902651.2885714285,2680800.1663333336,2424521.182666667,256278.98366666664
2022-10-09,1805775.79,1488842.7,316933.0900000001,0.17551076482202704,1976362.2842857144,2677464.578333333,2415019.2126666666,262445.36566666665
2022-10-10,2356440.12,1975941.69,380498.43000000017,0.16147171607314179,2001700.4614285715,2655907.5543333334,2393244.57,262662.9843333333
2022-10-11,2270162.6,1955651.17,314511.43000000017,0.13854136703688105,1932877.9585714287,2612439.8153333333,2346572.153,265867.66233333334
2022-10-12,1976207.14,1617749.24,358457.8999999999,0.1813868054337664,1997001.572857143,2564451.736333333,2297074.414666667,267377.32166666666
2022-10-13,2430819.33,1940628.06,490191.27,0.20165680927014842,2054758.8442857142,2561438.7503333334,2280108.720333333,281330.03
2022-10-14,1927818.67,1586067.15,341751.52,0.17727368518533956,2129252.4685714287,2554859.738,2266570.7213333333,288289.01666666666
2022-10-15,1986495.19,1576156.75,410338.43999999994,0.20656402394812742,2107674.12,2515942.6893333336,2224657.434,291285.25533333333
2022-10-16,1897952.11,1655869.65,242082.4600000002,0.12754929838561638,2120842.165714286,2493944.6010000003,2199759.194,294185.407
2022-10-17,2507328.8,2119354.36,387974.43999999994,0.15473616384097688,2142397.6914285715,2517171.8943333332,2212540.3333333335,304631.561
2022-10-18,3170696.65,2645141.42,525555.23,0.16575386674092585,2271045.4128571427,2544342.492333333,2230755.3030000003,313587.1893333334
2022-10-19,2324314.45,1931007.25,393307.2000000002,0.1692142816562536,2320775.0285714287,2527402.459333333,2207832.7233333336,319569.7360000001
2022-10-20,2591151.06,2095872.66,495278.40000000014,0.1911422331355703,2343679.5614285716,2553340.735666667,2221501.93,331838.8056666667
2022-10-21,2662328.56,2201489.2,460839.35999999987,0.17309635141351595,2448609.5457142857,2566682.187,2222998.7173333336,343683.46966666664
2022-10-22,2407124.47,1949055.98,458068.4900000002,0.1902969687313262,2508699.442857143,2543381.3376666666,2190935.107,352446.23066666664
2022-10-23,1971627.46,1628494.03,343133.42999999993,0.17403563145747622,2519224.492857143,2521298.2783333333,2163424.593,357873.6853333333
2022-10-24,2678456.17,2245907.36,432548.81000000006,0.16149183803892525,2543671.2600000002,2514033.1126666665,2148464.981,365568.1316666667
2022-10-25,3003375.87,2373976.27,629399.6000000001,0.20956404634095968,2519768.291428571,2512766.6593333334,2135825.8526666667,376940.8066666667
2022-10-26,2345490.55,1902512.75,442977.7999999998,0.1888636046732313,2522793.4485714287,2417436.6920000003,2037608.1233333335,379828.5686666667
2022-10-27,2493935.72,2087492.57,406443.15000000014,0.16297258455402375,2508905.542857143,2358573.3843333335,1980408.1346666666,378165.24966666667
2022-10-28,4210212.53,3513694.7,696517.8300000001,0.1654353135469862,2730031.824285715,2357003.743333333,1968831.4376666665,388172.3056666667
2022-10-29,3626939.26,2918150.87,708788.3899999997,0.1954232864655141,2904291.0800000005,2332809.911,1931983.569,400826.342
2022-10-30,3130677.4,2518990.77,611686.6299999999,0.1953847528333644,3069869.6428571427,2352122.0283333333,1938204.5066666666,413917.52166666667
2022-10-31,4630791.46,3823758.6,807032.8599999999,0.1742753624236838,3348774.6842857143,2457489.346,2022530.3233333332,434959.02266666666
2022-11-01,3025164.28,2504688.31,520475.96999999974,0.17204882836974386,3351887.314285714,2515334.8613333334,2072170.4513333333,443164.41000000003
2022-11-02,1338326.56,1136192.76,202133.80000000005,0.15103473699274117,3208006.7442857143,2487309.9839999997,2050046.5203333334,437263.46366666665
2022-11-03,1253721.23,994106.82,259614.41000000003,0.20707506883328444,3030833.2457142854,2437370.021,2006433.7436666666,430936.27733333333
2022-11-04,1065066.0,908402.36,156663.64,0.1470928937737192,2581526.598571428,2421960.8263333337,1996395.5969999998,425565.2293333334
2022-11-05,1826120.07,1592683.79,233436.28000000003,0.12783183528561734,2324266.714285714,2415280.8809999996,1993531.4173333333,421749.46366666665
2022-11-06,2207719.98,1750011.7,457708.28,0.20732170934105512,2192415.654285714,2441992.7703333334,2014794.1093333333,427198.6610000001
2022-11-07,1655852.99,1340974.43,314878.56000000006,0.19016093934764103,1767424.4442857143,2425936.415666667,1999295.5123333333,426640.9033333333
2022-11-08,1781413.12,1480654.53,300758.5900000001,0.1688314667852003,1589745.7071428574,2425124.3266666667,1999022.5733333335,426101.7533333333
2022-11-09,845358.47,699535.31,145823.15999999992,0.17249860878545398,1519321.6942857143,2374754.938333333,1956475.694,418279.24433333334
2022-11-10,2079598.87,1694276.76,385322.1100000001,0.18528674715042526,1637304.2142857143,2368402.8140000002,1947763.2136666668,420639.6003333333
2022-11-11,1581745.15,1307363.48,274381.6699999999,0.17346768536005938,1711115.5214285715,2355254.081,1937417.0216666667,417837.0593333334
2022-11-12,1354235.95,1091940.76,262295.18999999994,0.19368500001790673,1643703.5042857141,2319367.9683333333,1909127.445,410240.5233333334
2022-11-13,2903552.41,2399414.44,504137.9700000002,0.17362799041054686,1743108.1371428573,2351892.426333333,1936239.0213333333,415653.405
2022-11-14,1656739.7,1428653.75,228085.94999999995,0.13767156663174063,1743234.81,2340900.5766666667,1931322.2546666667,409578.322
2022-11-15,1547150.37,1239694.48,307455.89000000013,0.19872398699035318,1709768.7028571428,2329207.1853333334,1917449.749,411757.4363333333
2022-11-16,1436853.58,1152791.3,284062.28,0.19769744388290422,1794268.0042857141,2293524.6780000003,1885230.9803333334,408293.69766666665
2022-11-17,1542318.91,1326508.48,215810.42999999993,0.13992594436905395,1717513.7242857143,2239245.42,1841276.5489999999,397968.871
2022-11-18,2067584.69,1767319.2,300265.49,0.1452252434699543,1786919.3728571427,2230687.7613333333,1835820.2806666668,394867.48066666664
2022-11-19,1496563.56,1377725.1,118838.45999999996,0.07940755954260971,1807251.8885714286,2194201.5113333333,1811882.028666667,382319.4826666667
2022-11-20,1857748.24,1631718.89,226029.3500000001,0.12166845061847567,1657851.2928571429,2167382.1673333333,1792889.6849999998,374492.48233333335
2022-11-21,1349907.06,1276634.29,73272.77000000002,0.05427986279292444,1614018.0585714285,2132141.587,1770475.6286666668,361665.9583333333
2022-11-22,853188.02,904694.78,-51506.76000000001,-0.06036976468563167,1514880.58,2094860.2723333335,1746348.987,348511.28533333336
2022-11-23,1060969.69,1157743.64,-96773.94999999995,-0.0912127376607714,1461182.8814285714,2040944.0563333333,1710076.8630000001,330867.19333333336
2022-11-24,1729664.2,1775190.25,-45526.05000000005,-0.026320744801216357,1487946.494285714,1998487.0006666668,1690117.329,308369.6716666667
2022-11-25,1527923.9,1576795.62,-48871.720000000205,-0.031985702952876255,1410852.0957142857,1971234.779,1679260.0913333334,291974.68766666664
2022-11-26,2035639.78,2105948.81,-70309.03000000003,-0.034539033227185226,1487862.984285714,1955958.2476666667,1679875.2993333333,276082.9483333333
2022-11-27,3138619.13,3283279.48,-144660.3500000001,-0.046090444239406676,1670844.5399999998,1920238.4676666667,1672194.7920000001,248043.67566666662
2022-11-28,2104917.42,2152332.4,-47414.97999999998,-0.0225258148132006,1778703.162857143,1869504.4063333333,1646667.5096666666,222836.89666666664
2022-11-29,2558728.79,2694391.19,-135662.3999999999,-0.053019452679078156,2022351.8442857142,1850439.4526666666,1652514.1903333333,197925.26233333332
2022-11-30,1317689.52,1346354.39,-28664.86999999988,-0.021753887820250613,2059026.1057142857,1740002.7213333333,1569934.05,170068.67133333336
2022-12-01,1668445.9,1683082.9,-14637.0,-0.008772834648099768,2050280.6342857145,1694778.7753333333,1542547.203,152231.57233333334
2022-12-02,720381.04,726739.78,-6358.739999999991,-0.008826911935383517,1934917.3685714286,1674180.5913333334,1528898.7703333334,145281.82100000003
2022-12-03,753704.17,751384.0,2320.170000000042,0.0030783563264616697,1751783.7100000002,1657513.356,1520808.0096666666,136705.34633333335
2022-12-04,664409.51,678890.04,-14480.530000000028,-0.021794585691586547,1398325.1928571428,1644158.1396666665,1513157.599,131000.54066666667
2022-12-05,1607335.1,1688255.85,-80920.75,-0.05034466677172669,1327242.0042857144,1636865.3073333332,1516343.3343333334,120521.97300000001
2022-12-06,1436188.44,1460346.38,-24157.939999999944,-0.01682087066513357,1166879.097142857,1611147.5893333333,1506687.8236666666,104459.76566666667
2022-12-07,760218.13,731672.82,28545.310000000056,0.03754884140950447,1087240.3271428572,1581293.094,1486377.77,94915.32400000001
2022-12-08,818209.67,832757.07,-14547.399999999907,-0.017779550319907494,965778.0085714286,1549186.3123333335,1464781.188,84405.12433333333
2022-12-09,1323267.85,1366777.35,-43509.5,-0.032880342403845145,1051904.6957142858,1565116.625,1487022.5893333333,78094.03566666668
2022-12-10,1598936.84,1616981.65,-18044.809999999823,-0.011285505186058396,1172652.2200000002,1549094.5573333332,1484446.0856666667,64648.47166666668
2022-12-11,1420910.74,1526398.5,-105487.76000000001,-0.07423954019800005,1280723.8242857144,1543733.4103333333,1491747.253,51986.15733333336
2022-12-12,1983085.06,2071778.79,-88693.72999999998,-0.044725126414900215,1334402.3900000001,1564695.0473333332,1524408.5206666666,40286.526666666694
2022-12-13,1652309.19,1687562.98,-35253.79000000004,-0.021336073304779015,1365276.7828571429,1522986.9400000002,1500680.1386666666,22306.801333333347
2022-12-14,1662243.59,1688191.22,-25947.62999999989,-0.015610004548129969,1494137.5628571429,1523170.403,1509331.3876666664,13839.015333333351
2022-12-15,1494318.64,1554407.68,-60089.04000000004,-0.040211664628636394,1590724.5585714285,1521409.3453333334,1519821.8276666666,1587.5176666666791
2022-12-16,1482192.97,1521540.05,-39347.080000000075,-0.026546529902918156,1613428.1471428573,1522920.6583333334,1532113.4526666666,-9192.794333333324
2022-12-17,1302193.74,1321522.92,-19329.179999999935,-0.014843551620820981,1571036.2757142857,1514916.486,1531947.2673333334,-17030.78133333332
2022-12-18,2201374.59,2308997.06,-107622.4700000002,-0.04888875818267722,1682531.1114285716,1519376.1493333334,1550003.1959999998,-30627.046666666658
2022-12-19,2250767.39,2245767.23,5000.160000000149,0.002221535651447371,1720771.4442857143,1544516.2769999998,1578937.9336666665,-34421.656666666655
2022-12-20,2026810.08,2053084.16,-26274.07999999984,-0.012963266888824551,1774271.5714285714,1550151.6716666669,1592983.4426666668,-42831.770999999986
2022-12-21,1795395.02,1806884.57,-11489.550000000047,-0.006399455201786204,1793293.2042857143,1565001.2703333334,1610658.4519999998,-45657.18166666665
2022-12-22,1791622.46,1773829.08,17793.37999999989,0.009931433880327604,1835765.1785714286,1596282.4183333332,1639629.5953333334,-43347.17699999999
2022-12-23,1501209.11,1499234.75,1974.3600000001024,0.0013151798685794695,1838481.77,1610957.0656666667,1651012.6323333334,-40055.56666666666
2022-12-24,1390870.89,1401661.67,-10790.780000000028,-0.007758290203341612,1851149.9342857145,1599663.9553333332,1638561.6796666668,-38897.724333333324
2022-12-25,1136772.53,1160100.63,-23328.09999999986,-0.02052134387870884,1699063.9257142856,1586625.5763333333,1624671.8466666667,-38046.270333333305
2022-12-26,2110830.12,2160963.69,-50133.56999999983,-0.023750641761734873,1679072.8871428573,1589131.9209999999,1626505.676,-37373.75499999997
2022-12-27,2100553.66,2184872.24,-84318.58000000007,-0.04014112165075567,1689607.6842857145,1554529.738666667,1589892.1013333334,-35362.36266666663
2022-12-28,3448729.2,3513621.0,-64891.799999999814,-0.01881614827861805,1925798.2814285713,1599323.4646666667,1635268.388,-35944.923333333296
2022-12-29,3083944.33,3170787.1,-86842.77000000002,-0.02815964255749066,2110415.6914285715,1616830.6493333334,1651148.2516666667,-34317.6023333333
2022-12-30,2884668.76,3022292.15,-137623.39000000013,-0.047708559092933825,2308052.7842857144,1669063.2906666666,1707012.8436666667,-37949.55299999998
2022-12-31,2383037.48,2279288.13,103749.3500000001,0.04353660018809276,2449790.868571429,1692883.01,1726886.3513333336,-34003.34133333331
